grade_datetime,Firm,ToGrade,FromGrade,Action,priceTargetAction,currentPriceTarget,priorPriceTarget,date,source
2020-12-11 10:53:46,BTIG,Neutral,,init,,0.0,0.0,2020-12-11,"yfinance Ticker('ABNB').upgrades_downgrades (Yahoo Finance / Benzinga feed), pulled 2026-09-12"
2020-12-18 13:50:49,Susquehanna,Positive,,init,Announces,180.0,0.0,2020-12-18,"yfinance Ticker('ABNB').upgrades_downgrades (Yahoo Finance / Benzinga feed), pulled 2026-09-12"
2021-01-04 09:25:52,Keybanc,Sector Weight,,init,,0.0,0.0,2021-01-04,"yfinance Ticker('ABNB').upgrades_downgrades (Yahoo Finance / Benzinga feed), pulled 2026-09-12"
2021-01-04 10:07:32,Needham,Buy,,init,Announces,200.0,0.0,2021-01-04,"yfinance Ticker('ABNB').upgrades_downgrades (Yahoo Finance / Benzinga feed), pulled 2026-09-12"
2021-01-04 10:34:44,Jefferies,Buy,,init,Announces,170.0,0.0,2021-01-04,"yfinance Ticker('ABNB').upgrades_downgrades (Yahoo Finance / Benzinga feed), pulled 2026-09-12"
2021-01-04 10:36:04,Baird,Outperform,,init,Announces,175.0,0.0,2021-01-04,"yfinance Ticker('ABNB').upgrades_downgrades (Yahoo Finance / Benzinga feed), pulled 2026-09-12"
2021-01-04 11:10:41,Morgan Stanley,Equal-Weight,,init,Announces,140.0,0.0,2021-01-04,"yfinance Ticker('ABNB').upgrades_downgrades (Yahoo Finance / Benzinga feed), pulled 2026-09-12"
2021-01-04 11:12:21,Wells Fargo,Equal-Weight,,init,Announces,160.0,0.0,2021-01-04,"yfinance Ticker('ABNB').upgrades_downgrades (Yahoo Finance / Benzinga feed), pulled 2026-09-12"
2021-01-04 11:13:24,Goldman Sachs,Neutral,,init,Announces,143.0,0.0,2021-01-04,"yfinance Ticker('ABNB').upgrades_downgrades (Yahoo Finance / Benzinga feed), pulled 2026-09-12"
2021-01-04 11:14:44,Stifel,Hold,,init,Announces,130.0,0.0,2021-01-04,"yfinance Ticker('ABNB').upgrades_downgrades (Yahoo Finance / Benzinga feed), pulled 2026-09-12"
2021-01-04 11:16:22,JMP Securities,Market Outperform,,init,Announces,180.0,0.0,2021-01-04,"yfinance Ticker('ABNB').upgrades_downgrades (Yahoo Finance / Benzinga feed), pulled 2026-09-12"
2021-01-04 12:57:28,Loop Capital,Hold,,init,Announces,150.0,0.0,2021-01-04,"yfinance Ticker('ABNB').upgrades_downgrades (Yahoo Finance / Benzinga feed), pulled 2026-09-12"
2021-01-04 13:37:46,DA Davidson,Buy,,init,Announces,172.0,0.0,2021-01-04,"yfinance Ticker('ABNB').upgrades_downgrades (Yahoo Finance / Benzinga feed), pulled 2026-09-12"
2021-01-04 13:39:12,Credit Suisse,Neutral,,init,Announces,156.0,0.0,2021-01-04,"yfinance Ticker('ABNB').upgrades_downgrades (Yahoo Finance / Benzinga feed), pulled 2026-09-12"
2021-01-04 14:02:30,Raymond James,Market Perform,,init,,0.0,0.0,2021-01-04,"yfinance Ticker('ABNB').upgrades_downgrades (Yahoo Finance / Benzinga feed), pulled 2026-09-12"
2021-01-04 14:14:45,B of A Securities,Neutral,,init,Announces,158.0,0.0,2021-01-04,"yfinance Ticker('ABNB').upgrades_downgrades (Yahoo Finance / Benzinga feed), pulled 2026-09-12"
2021-01-04 16:28:49,Canaccord Genuity,Buy,,init,Announces,175.0,0.0,2021-01-04,"yfinance Ticker('ABNB').upgrades_downgrades (Yahoo Finance / Benzinga feed), pulled 2026-09-12"
2021-01-05 10:18:52,Atlantic Equities,Neutral,Overweight,down,,0.0,0.0,2021-01-05,"yfinance Ticker('ABNB').upgrades_downgrades (Yahoo Finance / Benzinga feed), pulled 2026-09-12"
2021-01-05 15:07:22,William Blair,Outperform,,init,,0.0,0.0,2021-01-05,"yfinance Ticker('ABNB').upgrades_downgrades (Yahoo Finance / Benzinga feed), pulled 2026-09-12"
2021-01-15 10:41:37,Truist Securities,Hold,,init,Announces,154.0,0.0,2021-01-15,"yfinance Ticker('ABNB').upgrades_downgrades (Yahoo Finance / Benzinga feed), pulled 2026-09-12"
2021-02-22 12:35:57,Loop Capital,Buy,Hold,up,Raises,240.0,150.0,2021-02-22,"yfinance Ticker('ABNB').upgrades_downgrades (Yahoo Finance / Benzinga feed), pulled 2026-09-12"
2021-02-26 12:20:26,Needham,Buy,,main,Raises,225.0,200.0,2021-02-26,"yfinance Ticker('ABNB').upgrades_downgrades (Yahoo Finance / Benzinga feed), pulled 2026-09-12"
2021-02-26 13:37:40,Credit Suisse,Neutral,,main,Raises,162.0,156.0,2021-02-26,"yfinance Ticker('ABNB').upgrades_downgrades (Yahoo Finance / Benzinga feed), pulled 2026-09-12"
2021-02-26 14:45:09,DA Davidson,Buy,,main,Raises,210.0,172.0,2021-02-26,"yfinance Ticker('ABNB').upgrades_downgrades (Yahoo Finance / Benzinga feed), pulled 2026-09-12"
2021-02-26 16:21:22,Piper Sandler,Overweight,,main,Raises,198.0,182.0,2021-02-26,"yfinance Ticker('ABNB').upgrades_downgrades (Yahoo Finance / Benzinga feed), pulled 2026-09-12"
2021-02-26 16:38:11,Canaccord Genuity,Buy,,main,Raises,220.0,175.0,2021-02-26,"yfinance Ticker('ABNB').upgrades_downgrades (Yahoo Finance / Benzinga feed), pulled 2026-09-12"
2021-02-26 16:45:31,Mizuho,Neutral,,main,Raises,176.0,150.0,2021-02-26,"yfinance Ticker('ABNB').upgrades_downgrades (Yahoo Finance / Benzinga feed), pulled 2026-09-12"
2021-03-01 13:31:23,Morgan Stanley,Equal-Weight,,main,Raises,160.0,140.0,2021-03-01,"yfinance Ticker('ABNB').upgrades_downgrades (Yahoo Finance / Benzinga feed), pulled 2026-09-12"
2021-03-03 14:24:37,Truist Securities,Hold,,main,Raises,180.0,154.0,2021-03-03,"yfinance Ticker('ABNB').upgrades_downgrades (Yahoo Finance / Benzinga feed), pulled 2026-09-12"
2021-04-01 16:33:22,Wolfe Research,Peer Perform,,init,Announces,180.0,0.0,2021-04-01,"yfinance Ticker('ABNB').upgrades_downgrades (Yahoo Finance / Benzinga feed), pulled 2026-09-12"
2021-04-06 10:51:22,Evercore ISI Group,Outperform,,init,Announces,245.0,0.0,2021-04-06,"yfinance Ticker('ABNB').upgrades_downgrades (Yahoo Finance / Benzinga feed), pulled 2026-09-12"
2021-04-27 10:06:13,Needham,Buy,,init,Announces,210.0,0.0,2021-04-27,"yfinance Ticker('ABNB').upgrades_downgrades (Yahoo Finance / Benzinga feed), pulled 2026-09-12"
2021-05-14 10:24:51,Needham,Buy,,main,Lowers,194.0,210.0,2021-05-14,"yfinance Ticker('ABNB').upgrades_downgrades (Yahoo Finance / Benzinga feed), pulled 2026-09-12"
2021-05-14 11:20:10,Wells Fargo,Overweight,Equal-Weight,up,Announces,200.0,0.0,2021-05-14,"yfinance Ticker('ABNB').upgrades_downgrades (Yahoo Finance / Benzinga feed), pulled 2026-09-12"
2021-05-14 13:04:29,Truist Securities,Hold,,main,Lowers,160.0,180.0,2021-05-14,"yfinance Ticker('ABNB').upgrades_downgrades (Yahoo Finance / Benzinga feed), pulled 2026-09-12"
2021-05-14 13:43:32,B of A Securities,Neutral,,main,Lowers,180.0,190.0,2021-05-14,"yfinance Ticker('ABNB').upgrades_downgrades (Yahoo Finance / Benzinga feed), pulled 2026-09-12"
2021-05-14 13:46:59,Wedbush,Neutral,,main,Lowers,150.0,175.0,2021-05-14,"yfinance Ticker('ABNB').upgrades_downgrades (Yahoo Finance / Benzinga feed), pulled 2026-09-12"
2021-05-14 13:56:56,Credit Suisse,Neutral,,main,Raises,164.0,162.0,2021-05-14,"yfinance Ticker('ABNB').upgrades_downgrades (Yahoo Finance / Benzinga feed), pulled 2026-09-12"
2021-05-14 13:59:19,Baird,Outperform,,main,Lowers,200.0,210.0,2021-05-14,"yfinance Ticker('ABNB').upgrades_downgrades (Yahoo Finance / Benzinga feed), pulled 2026-09-12"
2021-05-14 14:16:45,Mizuho,Neutral,,main,Lowers,165.0,176.0,2021-05-14,"yfinance Ticker('ABNB').upgrades_downgrades (Yahoo Finance / Benzinga feed), pulled 2026-09-12"
2021-05-14 14:17:56,Barclays,Equal-Weight,,main,Lowers,140.0,180.0,2021-05-14,"yfinance Ticker('ABNB').upgrades_downgrades (Yahoo Finance / Benzinga feed), pulled 2026-09-12"
2021-05-21 11:36:05,Morgan Stanley,Equal-Weight,,main,Lowers,125.0,160.0,2021-05-21,"yfinance Ticker('ABNB').upgrades_downgrades (Yahoo Finance / Benzinga feed), pulled 2026-09-12"
2021-05-27 10:40:23,RBC Capital,Outperform,,init,Announces,170.0,0.0,2021-05-27,"yfinance Ticker('ABNB').upgrades_downgrades (Yahoo Finance / Benzinga feed), pulled 2026-09-12"
2021-06-09 11:56:28,Loop Capital,Buy,,main,Lowers,195.0,240.0,2021-06-09,"yfinance Ticker('ABNB').upgrades_downgrades (Yahoo Finance / Benzinga feed), pulled 2026-09-12"
2021-07-13 12:56:55,Gordon Haskett,Buy,Underperform,up,Announces,172.0,0.0,2021-07-13,"yfinance Ticker('ABNB').upgrades_downgrades (Yahoo Finance / Benzinga feed), pulled 2026-09-12"
2021-08-03 08:34:18,Keybanc,Overweight,Sector Weight,up,Announces,180.0,0.0,2021-08-03,"yfinance Ticker('ABNB').upgrades_downgrades (Yahoo Finance / Benzinga feed), pulled 2026-09-12"
2021-08-13 10:19:32,Needham,Buy,,main,Raises,200.0,194.0,2021-08-13,"yfinance Ticker('ABNB').upgrades_downgrades (Yahoo Finance / Benzinga feed), pulled 2026-09-12"
2021-08-13 10:47:22,JMP Securities,Outperform,,main,Lowers,180.0,190.0,2021-08-13,"yfinance Ticker('ABNB').upgrades_downgrades (Yahoo Finance / Benzinga feed), pulled 2026-09-12"
2021-08-13 11:35:07,Credit Suisse,Neutral,,main,Raises,167.0,164.0,2021-08-13,"yfinance Ticker('ABNB').upgrades_downgrades (Yahoo Finance / Benzinga feed), pulled 2026-09-12"
2021-08-13 11:50:40,Wells Fargo,Overweight,,main,Raises,210.0,200.0,2021-08-13,"yfinance Ticker('ABNB').upgrades_downgrades (Yahoo Finance / Benzinga feed), pulled 2026-09-12"
2021-08-17 10:59:55,Citigroup,Neutral,,main,Raises,152.0,149.0,2021-08-17,"yfinance Ticker('ABNB').upgrades_downgrades (Yahoo Finance / Benzinga feed), pulled 2026-09-12"
2021-08-17 12:06:12,Morgan Stanley,Equal-Weight,,main,Raises,140.0,125.0,2021-08-17,"yfinance Ticker('ABNB').upgrades_downgrades (Yahoo Finance / Benzinga feed), pulled 2026-09-12"
2021-09-13 10:08:26,Goldman Sachs,Sell,,init,Announces,132.0,0.0,2021-09-13,"yfinance Ticker('ABNB').upgrades_downgrades (Yahoo Finance / Benzinga feed), pulled 2026-09-12"
2021-09-27 08:57:24,JP Morgan,Neutral,,init,Announces,170.0,0.0,2021-09-27,"yfinance Ticker('ABNB').upgrades_downgrades (Yahoo Finance / Benzinga feed), pulled 2026-09-12"
2021-10-01 13:23:34,Loop Capital,Buy,,main,Raises,205.0,195.0,2021-10-01,"yfinance Ticker('ABNB').upgrades_downgrades (Yahoo Finance / Benzinga feed), pulled 2026-09-12"
2021-10-12 11:24:38,Cowen & Co.,Outperform,Market Perform,up,,0.0,0.0,2021-10-12,"yfinance Ticker('ABNB').upgrades_downgrades (Yahoo Finance / Benzinga feed), pulled 2026-09-12"
2021-10-25 11:40:05,JMP Securities,Market Outperform,,main,Raises,190.0,180.0,2021-10-25,"yfinance Ticker('ABNB').upgrades_downgrades (Yahoo Finance / Benzinga feed), pulled 2026-09-12"
2021-11-05 11:17:01,Needham,Buy,,main,Raises,210.0,200.0,2021-11-05,"yfinance Ticker('ABNB').upgrades_downgrades (Yahoo Finance / Benzinga feed), pulled 2026-09-12"
2021-11-05 11:19:19,Credit Suisse,Neutral,,main,Raises,179.0,167.0,2021-11-05,"yfinance Ticker('ABNB').upgrades_downgrades (Yahoo Finance / Benzinga feed), pulled 2026-09-12"
2021-11-05 11:56:35,RBC Capital,Outperform,,main,Raises,195.0,170.0,2021-11-05,"yfinance Ticker('ABNB').upgrades_downgrades (Yahoo Finance / Benzinga feed), pulled 2026-09-12"
2021-11-05 13:10:05,Mizuho,Neutral,,main,Raises,190.0,165.0,2021-11-05,"yfinance Ticker('ABNB').upgrades_downgrades (Yahoo Finance / Benzinga feed), pulled 2026-09-12"
2021-11-05 13:11:20,JMP Securities,Market Outperform,,main,Raises,205.0,190.0,2021-11-05,"yfinance Ticker('ABNB').upgrades_downgrades (Yahoo Finance / Benzinga feed), pulled 2026-09-12"
2021-11-08 13:21:43,Wells Fargo,Overweight,,main,Raises,225.0,210.0,2021-11-08,"yfinance Ticker('ABNB').upgrades_downgrades (Yahoo Finance / Benzinga feed), pulled 2026-09-12"
2021-11-08 14:32:27,Truist Securities,Hold,,main,Raises,180.0,160.0,2021-11-08,"yfinance Ticker('ABNB').upgrades_downgrades (Yahoo Finance / Benzinga feed), pulled 2026-09-12"
2021-11-17 13:12:45,Morgan Stanley,Equal-Weight,,main,Raises,190.0,140.0,2021-11-17,"yfinance Ticker('ABNB').upgrades_downgrades (Yahoo Finance / Benzinga feed), pulled 2026-09-12"
2021-12-16 11:10:18,RBC Capital,Sector Perform,Outperform,down,Lowers,175.0,195.0,2021-12-16,"yfinance Ticker('ABNB').upgrades_downgrades (Yahoo Finance / Benzinga feed), pulled 2026-09-12"
2022-01-10 15:17:39,Piper Sandler,Neutral,Overweight,down,Lowers,169.0,215.0,2022-01-10,"yfinance Ticker('ABNB').upgrades_downgrades (Yahoo Finance / Benzinga feed), pulled 2026-09-12"
2022-01-18 11:16:07,Gordon Haskett,Hold,Buy,down,,0.0,0.0,2022-01-18,"yfinance Ticker('ABNB').upgrades_downgrades (Yahoo Finance / Benzinga feed), pulled 2026-09-12"
2022-01-19 13:42:04,Morgan Stanley,Equal-Weight,,main,Lowers,160.0,190.0,2022-01-19,"yfinance Ticker('ABNB').upgrades_downgrades (Yahoo Finance / Benzinga feed), pulled 2026-09-12"
2022-02-08 12:07:00,BTIG,Neutral,Buy,down,,0.0,0.0,2022-02-08,"yfinance Ticker('ABNB').upgrades_downgrades (Yahoo Finance / Benzinga feed), pulled 2026-09-12"
2022-02-16 09:30:18,Keybanc,Overweight,,main,Raises,210.0,194.0,2022-02-16,"yfinance Ticker('ABNB').upgrades_downgrades (Yahoo Finance / Benzinga feed), pulled 2026-09-12"
2022-02-16 11:14:42,Piper Sandler,Neutral,,main,Raises,194.0,169.0,2022-02-16,"yfinance Ticker('ABNB').upgrades_downgrades (Yahoo Finance / Benzinga feed), pulled 2026-09-12"
2022-02-16 11:20:02,Needham,Buy,,main,Raises,220.0,210.0,2022-02-16,"yfinance Ticker('ABNB').upgrades_downgrades (Yahoo Finance / Benzinga feed), pulled 2026-09-12"
2022-02-16 12:45:37,Mizuho,Neutral,,main,Raises,205.0,190.0,2022-02-16,"yfinance Ticker('ABNB').upgrades_downgrades (Yahoo Finance / Benzinga feed), pulled 2026-09-12"
2022-02-16 12:56:53,Morgan Stanley,Equal-Weight,,main,Raises,175.0,160.0,2022-02-16,"yfinance Ticker('ABNB').upgrades_downgrades (Yahoo Finance / Benzinga feed), pulled 2026-09-12"
2022-02-16 13:08:14,Credit Suisse,Neutral,,main,Raises,185.0,179.0,2022-02-16,"yfinance Ticker('ABNB').upgrades_downgrades (Yahoo Finance / Benzinga feed), pulled 2026-09-12"
2022-02-16 13:41:05,Wolfe Research,Peer Perform,,main,Raises,170.0,150.0,2022-02-16,"yfinance Ticker('ABNB').upgrades_downgrades (Yahoo Finance / Benzinga feed), pulled 2026-09-12"
2022-02-16 13:43:00,Baird,Outperform,,main,Raises,210.0,200.0,2022-02-16,"yfinance Ticker('ABNB').upgrades_downgrades (Yahoo Finance / Benzinga feed), pulled 2026-09-12"
2022-02-16 15:20:05,DA Davidson,Buy,,main,Raises,235.0,230.0,2022-02-16,"yfinance Ticker('ABNB').upgrades_downgrades (Yahoo Finance / Benzinga feed), pulled 2026-09-12"
2022-02-16 15:37:37,Truist Securities,Hold,,main,Raises,190.0,180.0,2022-02-16,"yfinance Ticker('ABNB').upgrades_downgrades (Yahoo Finance / Benzinga feed), pulled 2026-09-12"
2022-02-17 12:02:01,Citigroup,Neutral,,main,Raises,214.0,205.0,2022-02-17,"yfinance Ticker('ABNB').upgrades_downgrades (Yahoo Finance / Benzinga feed), pulled 2026-09-12"
2022-03-02 15:25:23,Tigress Financial,Buy,,main,Raises,214.0,206.0,2022-03-02,"yfinance Ticker('ABNB').upgrades_downgrades (Yahoo Finance / Benzinga feed), pulled 2026-09-12"
2022-03-11 09:55:49,Deutsche Bank,Hold,,init,Announces,150.0,0.0,2022-03-11,"yfinance Ticker('ABNB').upgrades_downgrades (Yahoo Finance / Benzinga feed), pulled 2026-09-12"
2022-04-20 08:47:56,Citigroup,Buy,Neutral,up,Lowers,200.0,214.0,2022-04-20,"yfinance Ticker('ABNB').upgrades_downgrades (Yahoo Finance / Benzinga feed), pulled 2026-09-12"
2022-05-03 08:29:16,Keybanc,Overweight,,main,Lowers,195.0,210.0,2022-05-03,"yfinance Ticker('ABNB').upgrades_downgrades (Yahoo Finance / Benzinga feed), pulled 2026-09-12"
2022-05-04 10:14:00,Piper Sandler,Neutral,,main,Lowers,174.0,194.0,2022-05-04,"yfinance Ticker('ABNB').upgrades_downgrades (Yahoo Finance / Benzinga feed), pulled 2026-09-12"
2022-05-04 10:48:50,Barclays,Equal-Weight,,main,Lowers,170.0,185.0,2022-05-04,"yfinance Ticker('ABNB').upgrades_downgrades (Yahoo Finance / Benzinga feed), pulled 2026-09-12"
2022-05-04 11:29:02,UBS,Neutral,,main,Raises,185.0,178.0,2022-05-04,"yfinance Ticker('ABNB').upgrades_downgrades (Yahoo Finance / Benzinga feed), pulled 2026-09-12"
2022-05-04 11:37:11,Stifel,Hold,,main,Lowers,180.0,205.0,2022-05-04,"yfinance Ticker('ABNB').upgrades_downgrades (Yahoo Finance / Benzinga feed), pulled 2026-09-12"
2022-05-04 11:39:24,Credit Suisse,Neutral,,main,Raises,190.0,185.0,2022-05-04,"yfinance Ticker('ABNB').upgrades_downgrades (Yahoo Finance / Benzinga feed), pulled 2026-09-12"
2022-05-04 13:23:42,Mizuho,Neutral,,main,Lowers,175.0,205.0,2022-05-04,"yfinance Ticker('ABNB').upgrades_downgrades (Yahoo Finance / Benzinga feed), pulled 2026-09-12"
2022-05-05 09:55:43,DA Davidson,Buy,,main,Lowers,210.0,235.0,2022-05-05,"yfinance Ticker('ABNB').upgrades_downgrades (Yahoo Finance / Benzinga feed), pulled 2026-09-12"
2022-05-05 11:14:26,Susquehanna,Positive,,main,Lowers,190.0,235.0,2022-05-05,"yfinance Ticker('ABNB').upgrades_downgrades (Yahoo Finance / Benzinga feed), pulled 2026-09-12"
2022-05-05 11:47:28,Morgan Stanley,Equal-Weight,,main,Lowers,145.0,175.0,2022-05-05,"yfinance Ticker('ABNB').upgrades_downgrades (Yahoo Finance / Benzinga feed), pulled 2026-09-12"
2022-06-03 11:48:10,Truist Securities,Hold,,main,Lowers,160.0,190.0,2022-06-03,"yfinance Ticker('ABNB').upgrades_downgrades (Yahoo Finance / Benzinga feed), pulled 2026-09-12"
2022-06-10 11:39:25,Goldman Sachs,Sell,,main,Lowers,95.0,150.0,2022-06-10,"yfinance Ticker('ABNB').upgrades_downgrades (Yahoo Finance / Benzinga feed), pulled 2026-09-12"
2022-06-23 12:47:21,Morgan Stanley,Equal-Weight,,main,Lowers,100.0,145.0,2022-06-23,"yfinance Ticker('ABNB').upgrades_downgrades (Yahoo Finance / Benzinga feed), pulled 2026-09-12"
2022-06-29 14:00:12,JP Morgan,Neutral,,main,Lowers,110.0,185.0,2022-06-29,"yfinance Ticker('ABNB').upgrades_downgrades (Yahoo Finance / Benzinga feed), pulled 2026-09-12"
2022-07-07 14:13:27,Evercore ISI Group,Outperform,,main,Lowers,150.0,205.0,2022-07-07,"yfinance Ticker('ABNB').upgrades_downgrades (Yahoo Finance / Benzinga feed), pulled 2026-09-12"
2022-07-14 11:44:17,Truist Securities,Hold,,main,Lowers,120.0,160.0,2022-07-14,"yfinance Ticker('ABNB').upgrades_downgrades (Yahoo Finance / Benzinga feed), pulled 2026-09-12"
2022-07-14 14:29:47,Citigroup,Buy,,main,Lowers,160.0,200.0,2022-07-14,"yfinance Ticker('ABNB').upgrades_downgrades (Yahoo Finance / Benzinga feed), pulled 2026-09-12"
2022-07-26 12:55:25,Argus Research,Hold,,init,,0.0,0.0,2022-07-26,"yfinance Ticker('ABNB').upgrades_downgrades (Yahoo Finance / Benzinga feed), pulled 2026-09-12"
2022-08-01 08:28:47,Keybanc,Overweight,,main,Lowers,145.0,195.0,2022-08-01,"yfinance Ticker('ABNB').upgrades_downgrades (Yahoo Finance / Benzinga feed), pulled 2026-09-12"
2022-08-01 12:14:33,Deutsche Bank,Hold,,main,Lowers,120.0,155.0,2022-08-01,"yfinance Ticker('ABNB').upgrades_downgrades (Yahoo Finance / Benzinga feed), pulled 2026-09-12"
2022-08-01 13:24:09,UBS,Neutral,,main,Lowers,120.0,185.0,2022-08-01,"yfinance Ticker('ABNB').upgrades_downgrades (Yahoo Finance / Benzinga feed), pulled 2026-09-12"
2022-08-03 10:32:26,Needham,Buy,,main,Lowers,150.0,220.0,2022-08-03,"yfinance Ticker('ABNB').upgrades_downgrades (Yahoo Finance / Benzinga feed), pulled 2026-09-12"
2022-08-03 10:44:09,Piper Sandler,Neutral,,main,Lowers,121.0,174.0,2022-08-03,"yfinance Ticker('ABNB').upgrades_downgrades (Yahoo Finance / Benzinga feed), pulled 2026-09-12"
2022-08-03 11:02:09,Citigroup,Buy,,main,Lowers,140.0,160.0,2022-08-03,"yfinance Ticker('ABNB').upgrades_downgrades (Yahoo Finance / Benzinga feed), pulled 2026-09-12"
2022-08-03 12:11:48,Credit Suisse,Neutral,,main,Lowers,165.0,190.0,2022-08-03,"yfinance Ticker('ABNB').upgrades_downgrades (Yahoo Finance / Benzinga feed), pulled 2026-09-12"
2022-08-03 12:21:37,Baird,Outperform,,main,Lowers,140.0,155.0,2022-08-03,"yfinance Ticker('ABNB').upgrades_downgrades (Yahoo Finance / Benzinga feed), pulled 2026-09-12"
2022-08-03 12:24:06,Mizuho,Neutral,,main,Lowers,135.0,175.0,2022-08-03,"yfinance Ticker('ABNB').upgrades_downgrades (Yahoo Finance / Benzinga feed), pulled 2026-09-12"
2022-08-03 12:26:22,Deutsche Bank,Hold,,main,Lowers,110.0,120.0,2022-08-03,"yfinance Ticker('ABNB').upgrades_downgrades (Yahoo Finance / Benzinga feed), pulled 2026-09-12"
2022-08-03 12:28:19,Canaccord Genuity,Buy,,main,Lowers,175.0,200.0,2022-08-03,"yfinance Ticker('ABNB').upgrades_downgrades (Yahoo Finance / Benzinga feed), pulled 2026-09-12"
2022-08-03 12:30:46,DA Davidson,Buy,,main,Lowers,140.0,210.0,2022-08-03,"yfinance Ticker('ABNB').upgrades_downgrades (Yahoo Finance / Benzinga feed), pulled 2026-09-12"
2022-08-03 13:16:08,RBC Capital,Sector Perform,,main,Lowers,115.0,175.0,2022-08-03,"yfinance Ticker('ABNB').upgrades_downgrades (Yahoo Finance / Benzinga feed), pulled 2026-09-12"
2022-08-03 14:22:18,Susquehanna,Positive,,main,Lowers,150.0,190.0,2022-08-03,"yfinance Ticker('ABNB').upgrades_downgrades (Yahoo Finance / Benzinga feed), pulled 2026-09-12"
2022-08-23 11:28:44,Morgan Stanley,Equal-Weight,,main,Raises,125.0,100.0,2022-08-23,"yfinance Ticker('ABNB').upgrades_downgrades (Yahoo Finance / Benzinga feed), pulled 2026-09-12"
2022-09-23 12:21:05,Tigress Financial,Buy,,main,Lowers,160.0,214.0,2022-09-23,"yfinance Ticker('ABNB').upgrades_downgrades (Yahoo Finance / Benzinga feed), pulled 2026-09-12"
2022-10-05 13:29:02,Bernstein,Outperform,,init,Announces,143.0,0.0,2022-10-05,"yfinance Ticker('ABNB').upgrades_downgrades (Yahoo Finance / Benzinga feed), pulled 2026-09-12"
2022-10-06 13:03:38,Jefferies,Buy,,main,Lowers,138.0,140.0,2022-10-06,"yfinance Ticker('ABNB').upgrades_downgrades (Yahoo Finance / Benzinga feed), pulled 2026-09-12"
2022-10-24 12:55:55,Morgan Stanley,Equal-Weight,,main,Lowers,105.0,125.0,2022-10-24,"yfinance Ticker('ABNB').upgrades_downgrades (Yahoo Finance / Benzinga feed), pulled 2026-09-12"
2022-11-02 08:28:05,Keybanc,Overweight,,main,Lowers,142.0,145.0,2022-11-02,"yfinance Ticker('ABNB').upgrades_downgrades (Yahoo Finance / Benzinga feed), pulled 2026-09-12"
2022-11-02 10:29:43,Piper Sandler,Neutral,,main,Lowers,110.0,121.0,2022-11-02,"yfinance Ticker('ABNB').upgrades_downgrades (Yahoo Finance / Benzinga feed), pulled 2026-09-12"
2022-11-02 10:32:32,Goldman Sachs,Sell,,main,Lowers,98.0,100.0,2022-11-02,"yfinance Ticker('ABNB').upgrades_downgrades (Yahoo Finance / Benzinga feed), pulled 2026-09-12"
2022-11-02 11:04:18,Credit Suisse,Neutral,,main,Lowers,154.0,165.0,2022-11-02,"yfinance Ticker('ABNB').upgrades_downgrades (Yahoo Finance / Benzinga feed), pulled 2026-09-12"
2022-11-02 11:07:34,UBS,Neutral,,main,Lowers,112.0,120.0,2022-11-02,"yfinance Ticker('ABNB').upgrades_downgrades (Yahoo Finance / Benzinga feed), pulled 2026-09-12"
2022-11-02 11:09:01,Baird,Outperform,,main,Lowers,120.0,140.0,2022-11-02,"yfinance Ticker('ABNB').upgrades_downgrades (Yahoo Finance / Benzinga feed), pulled 2026-09-12"
2022-11-02 11:12:02,Mizuho,Neutral,,main,Lowers,125.0,135.0,2022-11-02,"yfinance Ticker('ABNB').upgrades_downgrades (Yahoo Finance / Benzinga feed), pulled 2026-09-12"
2022-11-02 11:33:46,Morgan Stanley,Equal-Weight,,main,Raises,110.0,105.0,2022-11-02,"yfinance Ticker('ABNB').upgrades_downgrades (Yahoo Finance / Benzinga feed), pulled 2026-09-12"
2022-11-02 12:32:56,Wells Fargo,Overweight,,main,Lowers,165.0,185.0,2022-11-02,"yfinance Ticker('ABNB').upgrades_downgrades (Yahoo Finance / Benzinga feed), pulled 2026-09-12"
2022-11-02 12:34:43,Susquehanna,Positive,,main,Lowers,135.0,150.0,2022-11-02,"yfinance Ticker('ABNB').upgrades_downgrades (Yahoo Finance / Benzinga feed), pulled 2026-09-12"
2022-11-22 11:30:51,Barclays,Equal-Weight,,main,Raises,103.0,101.0,2022-11-22,"yfinance Ticker('ABNB').upgrades_downgrades (Yahoo Finance / Benzinga feed), pulled 2026-09-12"
2022-11-22 11:32:43,Baird,Neutral,Outperform,down,Lowers,100.0,120.0,2022-11-22,"yfinance Ticker('ABNB').upgrades_downgrades (Yahoo Finance / Benzinga feed), pulled 2026-09-12"
2022-12-07 09:29:48,Morgan Stanley,Underweight,Equal-Weight,down,Lowers,80.0,110.0,2022-12-07,"yfinance Ticker('ABNB').upgrades_downgrades (Yahoo Finance / Benzinga feed), pulled 2026-09-12"
2023-01-05 12:31:53,Mizuho,Neutral,,main,Lowers,110.0,125.0,2023-01-05,"yfinance Ticker('ABNB').upgrades_downgrades (Yahoo Finance / Benzinga feed), pulled 2026-09-12"
2023-01-13 13:05:36,Goldman Sachs,Sell,,main,Lowers,87.0,98.0,2023-01-13,"yfinance Ticker('ABNB').upgrades_downgrades (Yahoo Finance / Benzinga feed), pulled 2026-09-12"
2023-01-19 12:50:51,Wells Fargo,Overweight,,main,Lowers,130.0,165.0,2023-01-19,"yfinance Ticker('ABNB').upgrades_downgrades (Yahoo Finance / Benzinga feed), pulled 2026-09-12"
2023-01-24 13:55:48,UBS,Neutral,,main,Raises,114.0,112.0,2023-01-24,"yfinance Ticker('ABNB').upgrades_downgrades (Yahoo Finance / Benzinga feed), pulled 2026-09-12"
2023-01-25 11:17:30,Barclays,Equal-Weight,,main,Raises,105.0,103.0,2023-01-25,"yfinance Ticker('ABNB').upgrades_downgrades (Yahoo Finance / Benzinga feed), pulled 2026-09-12"
2023-01-25 12:14:13,Gordon Haskett,Underperform,Hold,down,,0.0,0.0,2023-01-25,"yfinance Ticker('ABNB').upgrades_downgrades (Yahoo Finance / Benzinga feed), pulled 2026-09-12"
2023-01-25 13:37:25,B of A Securities,Neutral,,main,Raises,130.0,125.0,2023-01-25,"yfinance Ticker('ABNB').upgrades_downgrades (Yahoo Finance / Benzinga feed), pulled 2026-09-12"
2023-02-15 09:34:43,Keybanc,Overweight,,main,Raises,144.0,142.0,2023-02-15,"yfinance Ticker('ABNB').upgrades_downgrades (Yahoo Finance / Benzinga feed), pulled 2026-09-12"
2023-02-15 11:06:29,Needham,Buy,,main,Raises,155.0,150.0,2023-02-15,"yfinance Ticker('ABNB').upgrades_downgrades (Yahoo Finance / Benzinga feed), pulled 2026-09-12"
2023-02-15 11:27:11,Credit Suisse,Neutral,,main,Raises,160.0,154.0,2023-02-15,"yfinance Ticker('ABNB').upgrades_downgrades (Yahoo Finance / Benzinga feed), pulled 2026-09-12"
2023-02-15 11:31:56,Piper Sandler,Neutral,,main,Raises,131.0,110.0,2023-02-15,"yfinance Ticker('ABNB').upgrades_downgrades (Yahoo Finance / Benzinga feed), pulled 2026-09-12"
2023-02-15 11:42:15,Barclays,Equal-Weight,,main,Raises,128.0,105.0,2023-02-15,"yfinance Ticker('ABNB').upgrades_downgrades (Yahoo Finance / Benzinga feed), pulled 2026-09-12"
2023-02-15 11:45:13,UBS,Neutral,,main,Raises,130.0,114.0,2023-02-15,"yfinance Ticker('ABNB').upgrades_downgrades (Yahoo Finance / Benzinga feed), pulled 2026-09-12"
2023-02-15 12:06:46,Baird,Neutral,,main,Raises,125.0,100.0,2023-02-15,"yfinance Ticker('ABNB').upgrades_downgrades (Yahoo Finance / Benzinga feed), pulled 2026-09-12"
2023-02-15 12:15:49,Mizuho,Neutral,,main,Raises,125.0,110.0,2023-02-15,"yfinance Ticker('ABNB').upgrades_downgrades (Yahoo Finance / Benzinga feed), pulled 2026-09-12"
2023-02-15 12:21:15,Wells Fargo,Overweight,,main,Raises,165.0,130.0,2023-02-15,"yfinance Ticker('ABNB').upgrades_downgrades (Yahoo Finance / Benzinga feed), pulled 2026-09-12"
2023-02-15 12:28:12,Cowen & Co.,Outperform,,main,Raises,145.0,135.0,2023-02-15,"yfinance Ticker('ABNB').upgrades_downgrades (Yahoo Finance / Benzinga feed), pulled 2026-09-12"
2023-02-15 12:49:55,Goldman Sachs,Sell,,main,Raises,98.0,87.0,2023-02-15,"yfinance Ticker('ABNB').upgrades_downgrades (Yahoo Finance / Benzinga feed), pulled 2026-09-12"
2023-02-15 13:02:28,B of A Securities,Neutral,,main,Raises,145.0,130.0,2023-02-15,"yfinance Ticker('ABNB').upgrades_downgrades (Yahoo Finance / Benzinga feed), pulled 2026-09-12"
2023-02-15 13:04:59,Susquehanna,Positive,,main,Raises,155.0,135.0,2023-02-15,"yfinance Ticker('ABNB').upgrades_downgrades (Yahoo Finance / Benzinga feed), pulled 2026-09-12"
2023-02-15 13:08:29,Wolfe Research,Peer Perform,,reit,,0.0,0.0,2023-02-15,"yfinance Ticker('ABNB').upgrades_downgrades (Yahoo Finance / Benzinga feed), pulled 2026-09-12"
2023-02-15 13:16:35,RBC Capital,Sector Perform,,main,Raises,135.0,110.0,2023-02-15,"yfinance Ticker('ABNB').upgrades_downgrades (Yahoo Finance / Benzinga feed), pulled 2026-09-12"
2023-02-15 13:19:08,Canaccord Genuity,Buy,,main,Raises,165.0,145.0,2023-02-15,"yfinance Ticker('ABNB').upgrades_downgrades (Yahoo Finance / Benzinga feed), pulled 2026-09-12"
2023-02-15 13:54:52,DA Davidson,Buy,,main,Raises,145.0,132.0,2023-02-15,"yfinance Ticker('ABNB').upgrades_downgrades (Yahoo Finance / Benzinga feed), pulled 2026-09-12"
2023-02-16 12:53:14,Citigroup,Buy,,main,Raises,148.0,140.0,2023-02-16,"yfinance Ticker('ABNB').upgrades_downgrades (Yahoo Finance / Benzinga feed), pulled 2026-09-12"
2023-02-16 13:42:40,Goldman Sachs,Sell,,main,Raises,98.0,87.0,2023-02-16,"yfinance Ticker('ABNB').upgrades_downgrades (Yahoo Finance / Benzinga feed), pulled 2026-09-12"
2023-02-16 14:41:57,Loop Capital,Buy,,main,Raises,145.0,135.0,2023-02-16,"yfinance Ticker('ABNB').upgrades_downgrades (Yahoo Finance / Benzinga feed), pulled 2026-09-12"
2023-02-16 14:42:05,Morgan Stanley,Underweight,,main,Raises,100.0,80.0,2023-02-16,"yfinance Ticker('ABNB').upgrades_downgrades (Yahoo Finance / Benzinga feed), pulled 2026-09-12"
2023-02-28 12:58:37,Argus Research,Buy,Hold,up,Announces,144.0,0.0,2023-02-28,"yfinance Ticker('ABNB').upgrades_downgrades (Yahoo Finance / Benzinga feed), pulled 2026-09-12"
2023-03-14 09:57:53,Needham,Buy,,reit,Maintains,155.0,0.0,2023-03-14,"yfinance Ticker('ABNB').upgrades_downgrades (Yahoo Finance / Benzinga feed), pulled 2026-09-12"
2023-03-29 08:48:41,Tigress Financial,Buy,,reit,Raises,185.0,160.0,2023-03-29,"yfinance Ticker('ABNB').upgrades_downgrades (Yahoo Finance / Benzinga feed), pulled 2026-09-12"
2023-04-20 13:43:18,Truist Securities,Hold,,main,Raises,130.0,120.0,2023-04-20,"yfinance Ticker('ABNB').upgrades_downgrades (Yahoo Finance / Benzinga feed), pulled 2026-09-12"
2023-05-10 09:41:24,Piper Sandler,Neutral,,main,Lowers,117.0,131.0,2023-05-10,"yfinance Ticker('ABNB').upgrades_downgrades (Yahoo Finance / Benzinga feed), pulled 2026-09-12"
2023-05-10 09:52:57,Barclays,Equal-Weight,,main,Lowers,112.0,128.0,2023-05-10,"yfinance Ticker('ABNB').upgrades_downgrades (Yahoo Finance / Benzinga feed), pulled 2026-09-12"
2023-05-10 11:14:02,Morgan Stanley,Underweight,,main,Lowers,95.0,100.0,2023-05-10,"yfinance Ticker('ABNB').upgrades_downgrades (Yahoo Finance / Benzinga feed), pulled 2026-09-12"
2023-05-10 11:36:33,DA Davidson,Buy,,main,Lowers,140.0,145.0,2023-05-10,"yfinance Ticker('ABNB').upgrades_downgrades (Yahoo Finance / Benzinga feed), pulled 2026-09-12"
2023-05-10 12:08:50,Credit Suisse,Neutral,,main,Lowers,150.0,160.0,2023-05-10,"yfinance Ticker('ABNB').upgrades_downgrades (Yahoo Finance / Benzinga feed), pulled 2026-09-12"
2023-05-10 13:51:37,B of A Securities,Neutral,Neutral,main,Lowers,135.0,145.0,2023-05-10,"yfinance Ticker('ABNB').upgrades_downgrades (Yahoo Finance / Benzinga feed), pulled 2026-09-12"
2023-05-10 14:03:05,Canaccord Genuity,Buy,Buy,main,Lowers,145.0,165.0,2023-05-10,"yfinance Ticker('ABNB').upgrades_downgrades (Yahoo Finance / Benzinga feed), pulled 2026-09-12"
2023-05-10 14:38:50,RBC Capital,Sector Perform,,main,Lowers,105.0,135.0,2023-05-10,"yfinance Ticker('ABNB').upgrades_downgrades (Yahoo Finance / Benzinga feed), pulled 2026-09-12"
2023-05-10 14:39:36,Evercore ISI Group,Outperform,Outperform,main,Lowers,145.0,160.0,2023-05-10,"yfinance Ticker('ABNB').upgrades_downgrades (Yahoo Finance / Benzinga feed), pulled 2026-09-12"
2023-05-10 16:51:24,Needham,Buy,Buy,main,Lowers,150.0,155.0,2023-05-10,"yfinance Ticker('ABNB').upgrades_downgrades (Yahoo Finance / Benzinga feed), pulled 2026-09-12"
2023-05-11 14:55:48,Citigroup,Buy,Buy,main,Lowers,135.0,148.0,2023-05-11,"yfinance Ticker('ABNB').upgrades_downgrades (Yahoo Finance / Benzinga feed), pulled 2026-09-12"
2023-05-15 07:52:14,Keybanc,Overweight,Overweight,main,Lowers,135.0,144.0,2023-05-15,"yfinance Ticker('ABNB').upgrades_downgrades (Yahoo Finance / Benzinga feed), pulled 2026-09-12"
2023-05-17 13:29:03,Argus Research,Buy,Buy,main,Lowers,124.0,144.0,2023-05-17,"yfinance Ticker('ABNB').upgrades_downgrades (Yahoo Finance / Benzinga feed), pulled 2026-09-12"
2023-06-01 12:00:25,Truist Securities,Hold,Hold,main,Lowers,116.0,130.0,2023-06-01,"yfinance Ticker('ABNB').upgrades_downgrades (Yahoo Finance / Benzinga feed), pulled 2026-09-12"
2023-06-06 08:33:21,Wedbush,Neutral,,init,Announces,130.0,0.0,2023-06-06,"yfinance Ticker('ABNB').upgrades_downgrades (Yahoo Finance / Benzinga feed), pulled 2026-09-12"
2023-06-07 07:57:26,Needham,Buy,Buy,reit,Maintains,150.0,0.0,2023-06-07,"yfinance Ticker('ABNB').upgrades_downgrades (Yahoo Finance / Benzinga feed), pulled 2026-09-12"
2023-06-08 08:10:38,Wells Fargo,Underweight,,init,Announces,99.0,0.0,2023-06-08,"yfinance Ticker('ABNB').upgrades_downgrades (Yahoo Finance / Benzinga feed), pulled 2026-09-12"
2023-06-12 09:55:37,Needham,Buy,Buy,reit,Maintains,150.0,0.0,2023-06-12,"yfinance Ticker('ABNB').upgrades_downgrades (Yahoo Finance / Benzinga feed), pulled 2026-09-12"
2023-07-11 09:28:18,Needham,Buy,Buy,main,Raises,160.0,150.0,2023-07-11,"yfinance Ticker('ABNB').upgrades_downgrades (Yahoo Finance / Benzinga feed), pulled 2026-09-12"
2023-07-12 14:26:07,B of A Securities,Neutral,Neutral,main,Raises,146.0,135.0,2023-07-12,"yfinance Ticker('ABNB').upgrades_downgrades (Yahoo Finance / Benzinga feed), pulled 2026-09-12"
2023-07-13 10:33:56,Barclays,Equal-Weight,Equal-Weight,main,Raises,136.0,112.0,2023-07-13,"yfinance Ticker('ABNB').upgrades_downgrades (Yahoo Finance / Benzinga feed), pulled 2026-09-12"
2023-07-19 19:49:12,Argus Research,Buy,Buy,main,Raises,168.0,124.0,2023-07-19,"yfinance Ticker('ABNB').upgrades_downgrades (Yahoo Finance / Benzinga feed), pulled 2026-09-12"
2023-07-21 13:06:55,Morgan Stanley,Underweight,Underweight,main,Raises,100.0,95.0,2023-07-21,"yfinance Ticker('ABNB').upgrades_downgrades (Yahoo Finance / Benzinga feed), pulled 2026-09-12"
2023-07-24 08:22:06,Keybanc,Overweight,Overweight,main,Raises,160.0,135.0,2023-07-24,"yfinance Ticker('ABNB').upgrades_downgrades (Yahoo Finance / Benzinga feed), pulled 2026-09-12"
2023-07-25 16:18:33,Jefferies,Buy,Buy,main,Raises,174.0,140.0,2023-07-25,"yfinance Ticker('ABNB').upgrades_downgrades (Yahoo Finance / Benzinga feed), pulled 2026-09-12"
2023-08-04 10:50:08,Barclays,Equal-Weight,Equal-Weight,main,Raises,141.0,136.0,2023-08-04,"yfinance Ticker('ABNB').upgrades_downgrades (Yahoo Finance / Benzinga feed), pulled 2026-09-12"
2023-08-04 10:52:58,Needham,Buy,Buy,reit,Maintains,160.0,0.0,2023-08-04,"yfinance Ticker('ABNB').upgrades_downgrades (Yahoo Finance / Benzinga feed), pulled 2026-09-12"
2023-08-04 12:26:22,Mizuho,Neutral,Neutral,main,Raises,150.0,145.0,2023-08-04,"yfinance Ticker('ABNB').upgrades_downgrades (Yahoo Finance / Benzinga feed), pulled 2026-09-12"
2023-08-04 13:11:48,Goldman Sachs,Sell,Sell,main,Raises,117.0,97.0,2023-08-04,"yfinance Ticker('ABNB').upgrades_downgrades (Yahoo Finance / Benzinga feed), pulled 2026-09-12"
2023-08-04 13:50:23,Credit Suisse,Neutral,Neutral,main,Raises,165.0,150.0,2023-08-04,"yfinance Ticker('ABNB').upgrades_downgrades (Yahoo Finance / Benzinga feed), pulled 2026-09-12"
2023-08-04 15:06:11,Baird,Neutral,Neutral,main,Raises,140.0,120.0,2023-08-04,"yfinance Ticker('ABNB').upgrades_downgrades (Yahoo Finance / Benzinga feed), pulled 2026-09-12"
2023-08-04 15:07:48,Wells Fargo,Underweight,Underweight,main,Raises,114.0,99.0,2023-08-04,"yfinance Ticker('ABNB').upgrades_downgrades (Yahoo Finance / Benzinga feed), pulled 2026-09-12"
2023-08-04 15:48:26,TD Cowen,Outperform,Outperform,main,Lowers,145.0,158.0,2023-08-04,"yfinance Ticker('ABNB').upgrades_downgrades (Yahoo Finance / Benzinga feed), pulled 2026-09-12"
2023-08-04 17:01:02,DA Davidson,Buy,,reit,Raises,162.0,140.0,2023-08-04,"yfinance Ticker('ABNB').upgrades_downgrades (Yahoo Finance / Benzinga feed), pulled 2026-09-12"
2023-08-08 17:08:35,Deutsche Bank,Hold,Hold,main,Raises,105.0,102.0,2023-08-08,"yfinance Ticker('ABNB').upgrades_downgrades (Yahoo Finance / Benzinga feed), pulled 2026-09-12"
2023-08-14 11:33:40,Citigroup,Buy,Buy,main,Raises,160.0,135.0,2023-08-14,"yfinance Ticker('ABNB').upgrades_downgrades (Yahoo Finance / Benzinga feed), pulled 2026-09-12"
2023-08-18 12:50:43,Morgan Stanley,Underweight,Underweight,main,Raises,110.0,100.0,2023-08-18,"yfinance Ticker('ABNB').upgrades_downgrades (Yahoo Finance / Benzinga feed), pulled 2026-09-12"
2023-08-22 15:35:03,Tigress Financial,Buy,Buy,reit,Maintains,185.0,0.0,2023-08-22,"yfinance Ticker('ABNB').upgrades_downgrades (Yahoo Finance / Benzinga feed), pulled 2026-09-12"
2023-09-15 13:27:41,Truist Securities,Hold,Hold,main,Raises,126.0,116.0,2023-09-15,"yfinance Ticker('ABNB').upgrades_downgrades (Yahoo Finance / Benzinga feed), pulled 2026-09-12"
2023-10-03 08:47:31,Keybanc,Sector Weight,Overweight,down,,0.0,0.0,2023-10-03,"yfinance Ticker('ABNB').upgrades_downgrades (Yahoo Finance / Benzinga feed), pulled 2026-09-12"
2023-10-24 12:13:31,Seaport Global,Neutral,,init,,0.0,0.0,2023-10-24,"yfinance Ticker('ABNB').upgrades_downgrades (Yahoo Finance / Benzinga feed), pulled 2026-09-12"
2023-10-31 16:03:11,Mizuho,Neutral,Neutral,main,Lowers,130.0,150.0,2023-10-31,"yfinance Ticker('ABNB').upgrades_downgrades (Yahoo Finance / Benzinga feed), pulled 2026-09-12"
2023-11-02 11:08:52,Needham,Buy,Buy,main,Lowers,150.0,160.0,2023-11-02,"yfinance Ticker('ABNB').upgrades_downgrades (Yahoo Finance / Benzinga feed), pulled 2026-09-12"
2023-11-02 13:25:29,Wedbush,Neutral,Neutral,main,Lowers,135.0,145.0,2023-11-02,"yfinance Ticker('ABNB').upgrades_downgrades (Yahoo Finance / Benzinga feed), pulled 2026-09-12"
2023-11-02 16:00:27,Morgan Stanley,Underweight,Underweight,main,Lowers,105.0,110.0,2023-11-02,"yfinance Ticker('ABNB').upgrades_downgrades (Yahoo Finance / Benzinga feed), pulled 2026-09-12"
2023-11-02 20:14:41,Piper Sandler,Neutral,Neutral,main,Lowers,123.0,142.0,2023-11-02,"yfinance Ticker('ABNB').upgrades_downgrades (Yahoo Finance / Benzinga feed), pulled 2026-09-12"
2023-11-02 21:24:46,JP Morgan,Neutral,Neutral,main,Lowers,118.0,130.0,2023-11-02,"yfinance Ticker('ABNB').upgrades_downgrades (Yahoo Finance / Benzinga feed), pulled 2026-09-12"
2023-11-03 14:00:57,Susquehanna,Positive,Positive,main,Lowers,160.0,165.0,2023-11-03,"yfinance Ticker('ABNB').upgrades_downgrades (Yahoo Finance / Benzinga feed), pulled 2026-09-12"
2023-11-17 09:57:01,Evercore ISI Group,In-Line,Outperform,down,Announces,136.0,0.0,2023-11-17,"yfinance Ticker('ABNB').upgrades_downgrades (Yahoo Finance / Benzinga feed), pulled 2026-09-12"
2023-11-29 10:09:49,Jefferies,Hold,Buy,down,Lowers,140.0,155.0,2023-11-29,"yfinance Ticker('ABNB').upgrades_downgrades (Yahoo Finance / Benzinga feed), pulled 2026-09-12"
2023-12-08 11:56:52,DBS Bank,Hold,Buy,down,,0.0,0.0,2023-12-08,"yfinance Ticker('ABNB').upgrades_downgrades (Yahoo Finance / Benzinga feed), pulled 2026-09-12"
2023-12-12 10:53:04,Barclays,Underweight,Equal-Weight,down,Lowers,100.0,135.0,2023-12-12,"yfinance Ticker('ABNB').upgrades_downgrades (Yahoo Finance / Benzinga feed), pulled 2026-09-12"
2023-12-20 19:29:51,Citigroup,Buy,Buy,main,Raises,170.0,147.0,2023-12-20,"yfinance Ticker('ABNB').upgrades_downgrades (Yahoo Finance / Benzinga feed), pulled 2026-09-12"
2024-01-08 19:47:42,Jefferies,Hold,Hold,main,Raises,145.0,140.0,2024-01-08,"yfinance Ticker('ABNB').upgrades_downgrades (Yahoo Finance / Benzinga feed), pulled 2026-09-12"
2024-01-09 10:59:32,BMO Capital,Market Perform,,init,Announces,134.0,0.0,2024-01-09,"yfinance Ticker('ABNB').upgrades_downgrades (Yahoo Finance / Benzinga feed), pulled 2026-09-12"
2024-01-17 17:01:00,Mizuho,Neutral,Neutral,main,Raises,150.0,130.0,2024-01-17,"yfinance Ticker('ABNB').upgrades_downgrades (Yahoo Finance / Benzinga feed), pulled 2026-09-12"
2024-01-22 11:17:30,Needham,Buy,Buy,reit,Maintains,150.0,0.0,2024-01-22,"yfinance Ticker('ABNB').upgrades_downgrades (Yahoo Finance / Benzinga feed), pulled 2026-09-12"
2024-01-29 11:07:55,Barclays,Underweight,Underweight,main,Raises,110.0,100.0,2024-01-29,"yfinance Ticker('ABNB').upgrades_downgrades (Yahoo Finance / Benzinga feed), pulled 2026-09-12"
2024-01-30 17:12:33,Wedbush,Neutral,Neutral,main,Raises,150.0,135.0,2024-01-30,"yfinance Ticker('ABNB').upgrades_downgrades (Yahoo Finance / Benzinga feed), pulled 2026-09-12"
2024-02-05 16:59:54,UBS,Neutral,Neutral,main,Raises,148.0,125.0,2024-02-05,"yfinance Ticker('ABNB').upgrades_downgrades (Yahoo Finance / Benzinga feed), pulled 2026-09-12"
2024-02-14 12:04:59,Needham,Buy,Buy,main,Raises,160.0,150.0,2024-02-14,"yfinance Ticker('ABNB').upgrades_downgrades (Yahoo Finance / Benzinga feed), pulled 2026-09-12"
2024-02-14 13:31:26,DA Davidson,Neutral,Buy,down,Announces,145.0,0.0,2024-02-14,"yfinance Ticker('ABNB').upgrades_downgrades (Yahoo Finance / Benzinga feed), pulled 2026-09-12"
2024-02-14 13:38:16,Susquehanna,Positive,Positive,main,Raises,180.0,160.0,2024-02-14,"yfinance Ticker('ABNB').upgrades_downgrades (Yahoo Finance / Benzinga feed), pulled 2026-09-12"
2024-02-14 14:51:06,RBC Capital,Sector Perform,Sector Perform,main,Raises,150.0,140.0,2024-02-14,"yfinance Ticker('ABNB').upgrades_downgrades (Yahoo Finance / Benzinga feed), pulled 2026-09-12"
2024-02-14 16:24:34,BMO Capital,Market Perform,Market Perform,main,Raises,135.0,134.0,2024-02-14,"yfinance Ticker('ABNB').upgrades_downgrades (Yahoo Finance / Benzinga feed), pulled 2026-09-12"
2024-02-14 17:07:03,Piper Sandler,Neutral,Neutral,main,Raises,145.0,136.0,2024-02-14,"yfinance Ticker('ABNB').upgrades_downgrades (Yahoo Finance / Benzinga feed), pulled 2026-09-12"
2024-02-14 17:37:51,JP Morgan,Neutral,Neutral,main,Raises,140.0,118.0,2024-02-14,"yfinance Ticker('ABNB').upgrades_downgrades (Yahoo Finance / Benzinga feed), pulled 2026-09-12"
2024-02-14 20:01:09,UBS,Neutral,Neutral,main,Lowers,143.0,148.0,2024-02-14,"yfinance Ticker('ABNB').upgrades_downgrades (Yahoo Finance / Benzinga feed), pulled 2026-09-12"
2024-03-14 13:16:46,Truist Securities,Hold,Hold,main,Raises,131.0,118.0,2024-03-14,"yfinance Ticker('ABNB').upgrades_downgrades (Yahoo Finance / Benzinga feed), pulled 2026-09-12"
2024-03-14 15:40:40,B of A Securities,Neutral,Neutral,main,Raises,168.0,155.0,2024-03-14,"yfinance Ticker('ABNB').upgrades_downgrades (Yahoo Finance / Benzinga feed), pulled 2026-09-12"
2024-03-15 08:33:19,DA Davidson,Neutral,Neutral,reit,Maintains,145.0,145.0,2024-03-15,"yfinance Ticker('ABNB').upgrades_downgrades (Yahoo Finance / Benzinga feed), pulled 2026-09-12"
2024-04-01 16:09:57,Wells Fargo,Underweight,Underweight,main,Raises,127.0,107.0,2024-04-01,"yfinance Ticker('ABNB').upgrades_downgrades (Yahoo Finance / Benzinga feed), pulled 2026-09-12"
2024-04-03 09:55:17,B. Riley Securities,Neutral,,init,Announces,150.0,0.0,2024-04-03,"yfinance Ticker('ABNB').upgrades_downgrades (Yahoo Finance / Benzinga feed), pulled 2026-09-12"
2024-04-05 18:06:41,Tigress Financial,Buy,Buy,main,Raises,195.0,185.0,2024-04-05,"yfinance Ticker('ABNB').upgrades_downgrades (Yahoo Finance / Benzinga feed), pulled 2026-09-12"
2024-04-11 09:17:21,Benchmark,Buy,,init,Announces,190.0,0.0,2024-04-11,"yfinance Ticker('ABNB').upgrades_downgrades (Yahoo Finance / Benzinga feed), pulled 2026-09-12"
2024-04-11 11:11:20,Needham,Hold,Buy,down,,0.0,0.0,2024-04-11,"yfinance Ticker('ABNB').upgrades_downgrades (Yahoo Finance / Benzinga feed), pulled 2026-09-12"
2024-04-18 17:06:02,Wedbush,Neutral,Neutral,reit,Maintains,160.0,160.0,2024-04-18,"yfinance Ticker('ABNB').upgrades_downgrades (Yahoo Finance / Benzinga feed), pulled 2026-09-12"
2024-04-24 09:18:09,Mizuho,Buy,Neutral,up,Raises,200.0,150.0,2024-04-24,"yfinance Ticker('ABNB').upgrades_downgrades (Yahoo Finance / Benzinga feed), pulled 2026-09-12"
2024-04-24 18:48:57,Jefferies,Hold,Hold,main,Raises,150.0,145.0,2024-04-24,"yfinance Ticker('ABNB').upgrades_downgrades (Yahoo Finance / Benzinga feed), pulled 2026-09-12"
2024-04-29 19:06:08,UBS,Neutral,Neutral,main,Raises,157.0,143.0,2024-04-29,"yfinance Ticker('ABNB').upgrades_downgrades (Yahoo Finance / Benzinga feed), pulled 2026-09-12"
2024-05-09 12:24:15,Piper Sandler,Neutral,Neutral,reit,Raises,155.0,145.0,2024-05-09,"yfinance Ticker('ABNB').upgrades_downgrades (Yahoo Finance / Benzinga feed), pulled 2026-09-12"
2024-05-09 13:11:06,Wedbush,Neutral,Neutral,reit,Maintains,160.0,160.0,2024-05-09,"yfinance Ticker('ABNB').upgrades_downgrades (Yahoo Finance / Benzinga feed), pulled 2026-09-12"
2024-05-09 14:22:59,DA Davidson,Neutral,Neutral,main,Maintains,145.0,145.0,2024-05-09,"yfinance Ticker('ABNB').upgrades_downgrades (Yahoo Finance / Benzinga feed), pulled 2026-09-12"
2024-05-09 14:49:40,BMO Capital,Market Perform,Market Perform,main,Raises,151.0,135.0,2024-05-09,"yfinance Ticker('ABNB').upgrades_downgrades (Yahoo Finance / Benzinga feed), pulled 2026-09-12"
2024-05-09 15:37:23,HSBC,Hold,Buy,down,Announces,156.0,0.0,2024-05-09,"yfinance Ticker('ABNB').upgrades_downgrades (Yahoo Finance / Benzinga feed), pulled 2026-09-12"
2024-05-09 16:03:11,TD Cowen,Buy,Buy,main,Lowers,170.0,180.0,2024-05-09,"yfinance Ticker('ABNB').upgrades_downgrades (Yahoo Finance / Benzinga feed), pulled 2026-09-12"
2024-05-09 17:34:11,Needham,Hold,,reit,,0.0,0.0,2024-05-09,"yfinance Ticker('ABNB').upgrades_downgrades (Yahoo Finance / Benzinga feed), pulled 2026-09-12"
2024-05-09 18:20:22,Citigroup,Buy,Buy,main,Lowers,167.0,170.0,2024-05-09,"yfinance Ticker('ABNB').upgrades_downgrades (Yahoo Finance / Benzinga feed), pulled 2026-09-12"
2024-05-09 19:53:43,JP Morgan,Neutral,Neutral,main,Raises,145.0,140.0,2024-05-09,"yfinance Ticker('ABNB').upgrades_downgrades (Yahoo Finance / Benzinga feed), pulled 2026-09-12"
2024-05-28 11:26:48,Wedbush,Outperform,Neutral,up,Raises,165.0,160.0,2024-05-28,"yfinance Ticker('ABNB').upgrades_downgrades (Yahoo Finance / Benzinga feed), pulled 2026-09-12"
2024-05-30 13:03:53,Truist Securities,Hold,Hold,main,Raises,134.0,131.0,2024-05-30,"yfinance Ticker('ABNB').upgrades_downgrades (Yahoo Finance / Benzinga feed), pulled 2026-09-12"
2024-07-09 12:49:58,Wells Fargo,Underweight,Underweight,main,Raises,129.0,127.0,2024-07-09,"yfinance Ticker('ABNB').upgrades_downgrades (Yahoo Finance / Benzinga feed), pulled 2026-09-12"
2024-07-18 13:15:24,Benchmark,Buy,Buy,reit,Maintains,190.0,190.0,2024-07-18,"yfinance Ticker('ABNB').upgrades_downgrades (Yahoo Finance / Benzinga feed), pulled 2026-09-12"
2024-07-23 17:15:16,Morgan Stanley,Underweight,Underweight,main,Raises,130.0,120.0,2024-07-23,"yfinance Ticker('ABNB').upgrades_downgrades (Yahoo Finance / Benzinga feed), pulled 2026-09-12"
2024-07-31 16:40:12,Wedbush,Outperform,Outperform,reit,Maintains,165.0,165.0,2024-07-31,"yfinance Ticker('ABNB').upgrades_downgrades (Yahoo Finance / Benzinga feed), pulled 2026-09-12"
2024-08-07 10:36:02,Needham,Hold,,reit,,0.0,0.0,2024-08-07,"yfinance Ticker('ABNB').upgrades_downgrades (Yahoo Finance / Benzinga feed), pulled 2026-09-12"
2024-08-07 11:11:26,Piper Sandler,Neutral,Neutral,main,Lowers,125.0,155.0,2024-08-07,"yfinance Ticker('ABNB').upgrades_downgrades (Yahoo Finance / Benzinga feed), pulled 2026-09-12"
2024-08-07 12:12:59,Susquehanna,Positive,Positive,main,Lowers,130.0,180.0,2024-08-07,"yfinance Ticker('ABNB').upgrades_downgrades (Yahoo Finance / Benzinga feed), pulled 2026-09-12"
2024-08-07 14:21:40,Wells Fargo,Underweight,Underweight,main,Lowers,100.0,129.0,2024-08-07,"yfinance Ticker('ABNB').upgrades_downgrades (Yahoo Finance / Benzinga feed), pulled 2026-09-12"
2024-08-07 15:07:09,BMO Capital,Market Perform,Market Perform,main,Lowers,130.0,151.0,2024-08-07,"yfinance Ticker('ABNB').upgrades_downgrades (Yahoo Finance / Benzinga feed), pulled 2026-09-12"
2024-08-07 15:09:45,Wedbush,Outperform,Outperform,main,Lowers,135.0,165.0,2024-08-07,"yfinance Ticker('ABNB').upgrades_downgrades (Yahoo Finance / Benzinga feed), pulled 2026-09-12"
2024-08-07 15:26:02,RBC Capital,Sector Perform,Sector Perform,main,Lowers,120.0,150.0,2024-08-07,"yfinance Ticker('ABNB').upgrades_downgrades (Yahoo Finance / Benzinga feed), pulled 2026-09-12"
2024-08-07 15:57:27,Baird,Neutral,Neutral,main,Lowers,120.0,140.0,2024-08-07,"yfinance Ticker('ABNB').upgrades_downgrades (Yahoo Finance / Benzinga feed), pulled 2026-09-12"
2024-08-07 15:59:23,UBS,Neutral,Neutral,main,Lowers,134.0,160.0,2024-08-07,"yfinance Ticker('ABNB').upgrades_downgrades (Yahoo Finance / Benzinga feed), pulled 2026-09-12"
2024-08-07 16:30:31,Barclays,Underweight,Underweight,main,Lowers,100.0,110.0,2024-08-07,"yfinance Ticker('ABNB').upgrades_downgrades (Yahoo Finance / Benzinga feed), pulled 2026-09-12"
2024-08-07 16:37:36,B. Riley Securities,Neutral,Neutral,main,Lowers,140.0,150.0,2024-08-07,"yfinance Ticker('ABNB').upgrades_downgrades (Yahoo Finance / Benzinga feed), pulled 2026-09-12"
2024-08-07 17:14:25,B of A Securities,Neutral,Neutral,main,Lowers,132.0,160.0,2024-08-07,"yfinance Ticker('ABNB').upgrades_downgrades (Yahoo Finance / Benzinga feed), pulled 2026-09-12"
2024-08-07 17:31:39,Deutsche Bank,Hold,Hold,main,Lowers,90.0,143.0,2024-08-07,"yfinance Ticker('ABNB').upgrades_downgrades (Yahoo Finance / Benzinga feed), pulled 2026-09-12"
2024-08-07 17:55:50,JP Morgan,Neutral,Neutral,main,Lowers,121.0,145.0,2024-08-07,"yfinance Ticker('ABNB').upgrades_downgrades (Yahoo Finance / Benzinga feed), pulled 2026-09-12"
2024-08-07 19:03:36,Benchmark,Buy,Buy,main,Lowers,155.0,190.0,2024-08-07,"yfinance Ticker('ABNB').upgrades_downgrades (Yahoo Finance / Benzinga feed), pulled 2026-09-12"
2024-08-07 21:19:03,TD Cowen,Buy,Buy,main,Lowers,125.0,170.0,2024-08-07,"yfinance Ticker('ABNB').upgrades_downgrades (Yahoo Finance / Benzinga feed), pulled 2026-09-12"
2024-08-08 15:14:35,Goldman Sachs,Sell,Sell,main,Lowers,111.0,130.0,2024-08-08,"yfinance Ticker('ABNB').upgrades_downgrades (Yahoo Finance / Benzinga feed), pulled 2026-09-12"
2024-08-08 21:13:59,DA Davidson,Neutral,Neutral,main,Lowers,125.0,145.0,2024-08-08,"yfinance Ticker('ABNB').upgrades_downgrades (Yahoo Finance / Benzinga feed), pulled 2026-09-12"
2024-08-26 13:45:40,Benchmark,Buy,Buy,reit,Maintains,155.0,155.0,2024-08-26,"yfinance Ticker('ABNB').upgrades_downgrades (Yahoo Finance / Benzinga feed), pulled 2026-09-12"
2024-09-04 14:20:43,Argus Research,Hold,Buy,down,,0.0,0.0,2024-09-04,"yfinance Ticker('ABNB').upgrades_downgrades (Yahoo Finance / Benzinga feed), pulled 2026-09-12"
2024-09-04 15:29:03,Truist Securities,Hold,Hold,main,Lowers,124.0,134.0,2024-09-04,"yfinance Ticker('ABNB').upgrades_downgrades (Yahoo Finance / Benzinga feed), pulled 2026-09-12"
2024-09-04 19:52:34,Jefferies,Hold,Hold,main,Lowers,120.0,125.0,2024-09-04,"yfinance Ticker('ABNB').upgrades_downgrades (Yahoo Finance / Benzinga feed), pulled 2026-09-12"
2024-09-05 13:23:17,Cantor Fitzgerald,Underweight,,init,Announces,94.0,0.0,2024-09-05,"yfinance Ticker('ABNB').upgrades_downgrades (Yahoo Finance / Benzinga feed), pulled 2026-09-12"
2024-09-13 11:48:13,Mizuho,Outperform,Outperform,main,Lowers,170.0,175.0,2024-09-13,"yfinance Ticker('ABNB').upgrades_downgrades (Yahoo Finance / Benzinga feed), pulled 2026-09-12"
2024-09-17 11:47:07,Bernstein,Outperform,Outperform,main,Lowers,155.0,174.0,2024-09-17,"yfinance Ticker('ABNB').upgrades_downgrades (Yahoo Finance / Benzinga feed), pulled 2026-09-12"
2024-09-23 13:56:02,Cantor Fitzgerald,Underweight,Underweight,reit,Maintains,94.0,94.0,2024-09-23,"yfinance Ticker('ABNB').upgrades_downgrades (Yahoo Finance / Benzinga feed), pulled 2026-09-12"
2024-09-30 15:44:37,Cantor Fitzgerald,Underweight,Underweight,reit,Maintains,94.0,94.0,2024-09-30,"yfinance Ticker('ABNB').upgrades_downgrades (Yahoo Finance / Benzinga feed), pulled 2026-09-12"
2024-10-08 12:57:15,Wells Fargo,Underweight,Underweight,main,Raises,102.0,100.0,2024-10-08,"yfinance Ticker('ABNB').upgrades_downgrades (Yahoo Finance / Benzinga feed), pulled 2026-09-12"
2024-10-11 17:33:47,B of A Securities,Neutral,Neutral,main,Raises,142.0,132.0,2024-10-11,"yfinance Ticker('ABNB').upgrades_downgrades (Yahoo Finance / Benzinga feed), pulled 2026-09-12"
2024-10-22 13:24:09,Jefferies,Hold,Hold,main,Raises,135.0,120.0,2024-10-22,"yfinance Ticker('ABNB').upgrades_downgrades (Yahoo Finance / Benzinga feed), pulled 2026-09-12"
2024-10-23 15:10:39,UBS,Neutral,Neutral,main,Raises,144.0,134.0,2024-10-23,"yfinance Ticker('ABNB').upgrades_downgrades (Yahoo Finance / Benzinga feed), pulled 2026-09-12"
2024-11-08 12:44:27,Baird,Neutral,Neutral,main,Raises,140.0,120.0,2024-11-08,"yfinance Ticker('ABNB').upgrades_downgrades (Yahoo Finance / Benzinga feed), pulled 2026-09-12"
2024-11-08 13:35:17,Piper Sandler,Neutral,Neutral,main,Raises,145.0,125.0,2024-11-08,"yfinance Ticker('ABNB').upgrades_downgrades (Yahoo Finance / Benzinga feed), pulled 2026-09-12"
2024-11-08 14:15:04,Benchmark,Buy,Buy,reit,Maintains,155.0,155.0,2024-11-08,"yfinance Ticker('ABNB').upgrades_downgrades (Yahoo Finance / Benzinga feed), pulled 2026-09-12"
2024-11-08 15:48:06,Wedbush,Outperform,Outperform,main,Raises,155.0,135.0,2024-11-08,"yfinance Ticker('ABNB').upgrades_downgrades (Yahoo Finance / Benzinga feed), pulled 2026-09-12"
2024-11-08 16:36:32,JP Morgan,Neutral,Neutral,main,Raises,142.0,121.0,2024-11-08,"yfinance Ticker('ABNB').upgrades_downgrades (Yahoo Finance / Benzinga feed), pulled 2026-09-12"
2024-11-08 17:07:25,TD Cowen,Buy,Buy,main,Raises,155.0,150.0,2024-11-08,"yfinance Ticker('ABNB').upgrades_downgrades (Yahoo Finance / Benzinga feed), pulled 2026-09-12"
2024-11-08 18:16:19,Barclays,Underweight,Underweight,main,Raises,110.0,100.0,2024-11-08,"yfinance Ticker('ABNB').upgrades_downgrades (Yahoo Finance / Benzinga feed), pulled 2026-09-12"
2024-11-11 16:20:50,Citigroup,Buy,Buy,main,Raises,158.0,135.0,2024-11-11,"yfinance Ticker('ABNB').upgrades_downgrades (Yahoo Finance / Benzinga feed), pulled 2026-09-12"
2024-11-11 16:34:27,Susquehanna,Positive,Positive,main,Raises,160.0,130.0,2024-11-11,"yfinance Ticker('ABNB').upgrades_downgrades (Yahoo Finance / Benzinga feed), pulled 2026-09-12"
2024-11-12 10:28:53,Phillip Securities,Reduce,Neutral,down,Announces,120.0,0.0,2024-11-12,"yfinance Ticker('ABNB').upgrades_downgrades (Yahoo Finance / Benzinga feed), pulled 2026-09-12"
2024-11-18 15:31:31,DA Davidson,Neutral,Neutral,main,Raises,131.0,125.0,2024-11-18,"yfinance Ticker('ABNB').upgrades_downgrades (Yahoo Finance / Benzinga feed), pulled 2026-09-12"
2024-12-04 13:21:48,Truist Securities,Hold,Hold,main,Lowers,123.0,124.0,2024-12-04,"yfinance Ticker('ABNB').upgrades_downgrades (Yahoo Finance / Benzinga feed), pulled 2026-09-12"
2024-12-16 13:31:02,JMP Securities,Market Perform,Market Perform,reit,,0.0,0.0,2024-12-16,"yfinance Ticker('ABNB').upgrades_downgrades (Yahoo Finance / Benzinga feed), pulled 2026-09-12"
2024-12-18 12:20:32,B of A Securities,Neutral,Neutral,main,Raises,159.0,154.0,2024-12-18,"yfinance Ticker('ABNB').upgrades_downgrades (Yahoo Finance / Benzinga feed), pulled 2026-09-12"
2025-01-13 16:16:02,Morgan Stanley,Underweight,Underweight,main,Raises,125.0,115.0,2025-01-13,"yfinance Ticker('ABNB').upgrades_downgrades (Yahoo Finance / Benzinga feed), pulled 2026-09-12"
2025-01-16 15:03:25,Wells Fargo,Underweight,Underweight,main,Lowers,96.0,100.0,2025-01-16,"yfinance Ticker('ABNB').upgrades_downgrades (Yahoo Finance / Benzinga feed), pulled 2026-09-12"
2025-02-04 11:58:56,UBS,Neutral,Neutral,main,Raises,143.0,142.0,2025-02-04,"yfinance Ticker('ABNB').upgrades_downgrades (Yahoo Finance / Benzinga feed), pulled 2026-09-12"
2025-02-14 10:37:21,Wedbush,Outperform,Outperform,main,Raises,175.0,155.0,2025-02-14,"yfinance Ticker('ABNB').upgrades_downgrades (Yahoo Finance / Benzinga feed), pulled 2026-09-12"
2025-02-14 10:45:39,JP Morgan,Neutral,Neutral,main,Raises,160.0,142.0,2025-02-14,"yfinance Ticker('ABNB').upgrades_downgrades (Yahoo Finance / Benzinga feed), pulled 2026-09-12"
2025-02-14 10:59:20,Baird,Outperform,Neutral,up,Raises,175.0,140.0,2025-02-14,"yfinance Ticker('ABNB').upgrades_downgrades (Yahoo Finance / Benzinga feed), pulled 2026-09-12"
2025-02-14 11:43:29,Goldman Sachs,Neutral,Sell,up,Raises,153.0,110.0,2025-02-14,"yfinance Ticker('ABNB').upgrades_downgrades (Yahoo Finance / Benzinga feed), pulled 2026-09-12"
2025-02-14 11:49:09,Barclays,Underweight,Underweight,main,Raises,120.0,110.0,2025-02-14,"yfinance Ticker('ABNB').upgrades_downgrades (Yahoo Finance / Benzinga feed), pulled 2026-09-12"
2025-02-14 12:36:50,Needham,Hold,Hold,reit,,0.0,0.0,2025-02-14,"yfinance Ticker('ABNB').upgrades_downgrades (Yahoo Finance / Benzinga feed), pulled 2026-09-12"
2025-02-14 13:12:51,B of A Securities,Neutral,Neutral,main,Raises,170.0,151.0,2025-02-14,"yfinance Ticker('ABNB').upgrades_downgrades (Yahoo Finance / Benzinga feed), pulled 2026-09-12"
2025-02-14 13:38:01,DA Davidson,Neutral,Neutral,main,Raises,170.0,131.0,2025-02-14,"yfinance Ticker('ABNB').upgrades_downgrades (Yahoo Finance / Benzinga feed), pulled 2026-09-12"
2025-02-14 14:12:02,Canaccord Genuity,Buy,Buy,main,Raises,190.0,165.0,2025-02-14,"yfinance Ticker('ABNB').upgrades_downgrades (Yahoo Finance / Benzinga feed), pulled 2026-09-12"
2025-02-14 14:45:19,JMP Securities,Market Perform,Market Perform,reit,,0.0,0.0,2025-02-14,"yfinance Ticker('ABNB').upgrades_downgrades (Yahoo Finance / Benzinga feed), pulled 2026-09-12"
2025-02-14 17:19:59,Benchmark,Buy,Buy,main,Raises,178.0,150.0,2025-02-14,"yfinance Ticker('ABNB').upgrades_downgrades (Yahoo Finance / Benzinga feed), pulled 2026-09-12"
2025-02-14 17:36:10,B. Riley Securities,Neutral,Neutral,main,Raises,145.0,131.0,2025-02-14,"yfinance Ticker('ABNB').upgrades_downgrades (Yahoo Finance / Benzinga feed), pulled 2026-09-12"
2025-02-14 22:08:23,UBS,Neutral,Neutral,main,Raises,160.0,143.0,2025-02-14,"yfinance Ticker('ABNB').upgrades_downgrades (Yahoo Finance / Benzinga feed), pulled 2026-09-12"
2025-02-18 15:22:25,Susquehanna,Positive,Positive,main,Raises,200.0,160.0,2025-02-18,"yfinance Ticker('ABNB').upgrades_downgrades (Yahoo Finance / Benzinga feed), pulled 2026-09-12"
2025-03-10 10:31:20,Jefferies,Buy,Hold,up,Raises,185.0,165.0,2025-03-10,"yfinance Ticker('ABNB').upgrades_downgrades (Yahoo Finance / Benzinga feed), pulled 2026-09-12"
2025-03-14 12:16:07,Tigress Financial,Buy,Buy,main,Raises,200.0,195.0,2025-03-14,"yfinance Ticker('ABNB').upgrades_downgrades (Yahoo Finance / Benzinga feed), pulled 2026-09-12"
2025-03-21 12:06:02,Truist Securities,Hold,Hold,main,Lowers,112.0,123.0,2025-03-21,"yfinance Ticker('ABNB').upgrades_downgrades (Yahoo Finance / Benzinga feed), pulled 2026-09-12"
2025-03-25 11:42:01,Baird,Outperform,Outperform,main,Lowers,160.0,175.0,2025-03-25,"yfinance Ticker('ABNB').upgrades_downgrades (Yahoo Finance / Benzinga feed), pulled 2026-09-12"
2025-04-07 19:36:24,Wells Fargo,Underweight,Underweight,main,Lowers,100.0,134.0,2025-04-07,"yfinance Ticker('ABNB').upgrades_downgrades (Yahoo Finance / Benzinga feed), pulled 2026-09-12"
2025-04-08 16:09:10,JP Morgan,Neutral,Neutral,main,Lowers,115.0,160.0,2025-04-08,"yfinance Ticker('ABNB').upgrades_downgrades (Yahoo Finance / Benzinga feed), pulled 2026-09-12"
2025-04-11 17:36:34,Jefferies,Buy,Buy,main,Lowers,170.0,185.0,2025-04-11,"yfinance Ticker('ABNB').upgrades_downgrades (Yahoo Finance / Benzinga feed), pulled 2026-09-12"
2025-04-15 09:38:35,Wedbush,Outperform,Outperform,main,Lowers,150.0,175.0,2025-04-15,"yfinance Ticker('ABNB').upgrades_downgrades (Yahoo Finance / Benzinga feed), pulled 2026-09-12"
2025-04-16 16:32:08,Cantor Fitzgerald,Underweight,Underweight,main,Lowers,101.0,130.0,2025-04-16,"yfinance Ticker('ABNB').upgrades_downgrades (Yahoo Finance / Benzinga feed), pulled 2026-09-12"
2025-04-17 15:36:14,Morgan Stanley,Underweight,Underweight,main,Raises,130.0,125.0,2025-04-17,"yfinance Ticker('ABNB').upgrades_downgrades (Yahoo Finance / Benzinga feed), pulled 2026-09-12"
2025-04-28 11:49:56,Canaccord Genuity,Buy,Buy,main,Lowers,180.0,190.0,2025-04-28,"yfinance Ticker('ABNB').upgrades_downgrades (Yahoo Finance / Benzinga feed), pulled 2026-09-12"
2025-04-28 16:31:08,Piper Sandler,Neutral,Neutral,main,Lowers,132.0,145.0,2025-04-28,"yfinance Ticker('ABNB').upgrades_downgrades (Yahoo Finance / Benzinga feed), pulled 2026-09-12"
2025-04-28 21:35:29,UBS,Neutral,Neutral,main,Lowers,138.0,160.0,2025-04-28,"yfinance Ticker('ABNB').upgrades_downgrades (Yahoo Finance / Benzinga feed), pulled 2026-09-12"
2025-04-30 11:00:53,DA Davidson,Buy,Neutral,up,Lowers,155.0,170.0,2025-04-30,"yfinance Ticker('ABNB').upgrades_downgrades (Yahoo Finance / Benzinga feed), pulled 2026-09-12"
2025-05-02 10:57:21,Needham,Hold,Hold,reit,,0.0,0.0,2025-05-02,"yfinance Ticker('ABNB').upgrades_downgrades (Yahoo Finance / Benzinga feed), pulled 2026-09-12"
2025-05-02 13:01:10,Evercore ISI Group,In-Line,In-Line,main,Lowers,145.0,165.0,2025-05-02,"yfinance Ticker('ABNB').upgrades_downgrades (Yahoo Finance / Benzinga feed), pulled 2026-09-12"
2025-05-02 13:08:59,DA Davidson,Buy,Buy,main,Maintains,155.0,155.0,2025-05-02,"yfinance Ticker('ABNB').upgrades_downgrades (Yahoo Finance / Benzinga feed), pulled 2026-09-12"
2025-05-02 13:21:15,Cantor Fitzgerald,Underweight,Underweight,main,Lowers,100.0,101.0,2025-05-02,"yfinance Ticker('ABNB').upgrades_downgrades (Yahoo Finance / Benzinga feed), pulled 2026-09-12"
2025-05-02 13:30:46,Barclays,Underweight,Underweight,main,Lowers,103.0,120.0,2025-05-02,"yfinance Ticker('ABNB').upgrades_downgrades (Yahoo Finance / Benzinga feed), pulled 2026-09-12"
2025-05-02 14:10:10,JMP Securities,Market Perform,Market Perform,reit,,0.0,0.0,2025-05-02,"yfinance Ticker('ABNB').upgrades_downgrades (Yahoo Finance / Benzinga feed), pulled 2026-09-12"
2025-05-02 14:40:18,Benchmark,Buy,Buy,main,Lowers,155.0,178.0,2025-05-02,"yfinance Ticker('ABNB').upgrades_downgrades (Yahoo Finance / Benzinga feed), pulled 2026-09-12"
2025-05-02 15:35:48,Wedbush,Neutral,Outperform,down,Lowers,135.0,150.0,2025-05-02,"yfinance Ticker('ABNB').upgrades_downgrades (Yahoo Finance / Benzinga feed), pulled 2026-09-12"
2025-05-02 15:57:14,B. Riley Securities,Neutral,Neutral,main,Lowers,140.0,145.0,2025-05-02,"yfinance Ticker('ABNB').upgrades_downgrades (Yahoo Finance / Benzinga feed), pulled 2026-09-12"
2025-05-02 16:12:33,Deutsche Bank,Hold,Hold,main,Lowers,112.0,122.0,2025-05-02,"yfinance Ticker('ABNB').upgrades_downgrades (Yahoo Finance / Benzinga feed), pulled 2026-09-12"
2025-05-02 18:19:25,Wells Fargo,Underweight,Underweight,main,Raises,104.0,100.0,2025-05-02,"yfinance Ticker('ABNB').upgrades_downgrades (Yahoo Finance / Benzinga feed), pulled 2026-09-12"
2025-05-02 18:25:22,RBC Capital,Sector Perform,Sector Perform,main,Lowers,140.0,160.0,2025-05-02,"yfinance Ticker('ABNB').upgrades_downgrades (Yahoo Finance / Benzinga feed), pulled 2026-09-12"
2025-05-02 18:29:17,B of A Securities,Neutral,Neutral,main,Lowers,146.0,170.0,2025-05-02,"yfinance Ticker('ABNB').upgrades_downgrades (Yahoo Finance / Benzinga feed), pulled 2026-09-12"
2025-05-02 18:57:40,TD Cowen,Buy,Buy,main,Lowers,130.0,175.0,2025-05-02,"yfinance Ticker('ABNB').upgrades_downgrades (Yahoo Finance / Benzinga feed), pulled 2026-09-12"
2025-05-02 22:20:46,UBS,Neutral,Neutral,main,Lowers,137.0,138.0,2025-05-02,"yfinance Ticker('ABNB').upgrades_downgrades (Yahoo Finance / Benzinga feed), pulled 2026-09-12"
2025-05-05 12:38:26,Susquehanna,Positive,Positive,main,Lowers,150.0,200.0,2025-05-05,"yfinance Ticker('ABNB').upgrades_downgrades (Yahoo Finance / Benzinga feed), pulled 2026-09-12"
2025-05-05 17:37:53,Jefferies,Buy,Buy,main,Lowers,155.0,170.0,2025-05-05,"yfinance Ticker('ABNB').upgrades_downgrades (Yahoo Finance / Benzinga feed), pulled 2026-09-12"
2025-05-05 17:48:03,JMP Securities,Market Perform,Market Perform,main,Raises,190.0,180.0,2025-05-05,"yfinance Ticker('ABNB').upgrades_downgrades (Yahoo Finance / Benzinga feed), pulled 2026-09-12"
2025-05-05 21:44:53,Citigroup,Buy,Buy,main,Lowers,155.0,170.0,2025-05-05,"yfinance Ticker('ABNB').upgrades_downgrades (Yahoo Finance / Benzinga feed), pulled 2026-09-12"
2025-05-13 18:13:23,Morgan Stanley,Underweight,Underweight,main,Lowers,125.0,130.0,2025-05-13,"yfinance Ticker('ABNB').upgrades_downgrades (Yahoo Finance / Benzinga feed), pulled 2026-09-12"
2025-05-14 11:39:51,Needham,Hold,Hold,reit,,0.0,0.0,2025-05-14,"yfinance Ticker('ABNB').upgrades_downgrades (Yahoo Finance / Benzinga feed), pulled 2026-09-12"
2025-05-14 14:01:58,Cantor Fitzgerald,Underweight,Underweight,reit,Maintains,100.0,100.0,2025-05-14,"yfinance Ticker('ABNB').upgrades_downgrades (Yahoo Finance / Benzinga feed), pulled 2026-09-12"
2025-05-30 11:48:05,Truist Securities,Sell,Hold,down,Lowers,106.0,112.0,2025-05-30,"yfinance Ticker('ABNB').upgrades_downgrades (Yahoo Finance / Benzinga feed), pulled 2026-09-12"
2025-07-02 16:04:47,Jefferies,Buy,Buy,main,Raises,165.0,155.0,2025-07-02,"yfinance Ticker('ABNB').upgrades_downgrades (Yahoo Finance / Benzinga feed), pulled 2026-09-12"
2025-07-07 15:11:43,Wells Fargo,Underweight,Underweight,main,Raises,111.0,104.0,2025-07-07,"yfinance Ticker('ABNB').upgrades_downgrades (Yahoo Finance / Benzinga feed), pulled 2026-09-12"
2025-07-16 12:57:08,Barclays,Underweight,Underweight,main,Raises,104.0,103.0,2025-07-16,"yfinance Ticker('ABNB').upgrades_downgrades (Yahoo Finance / Benzinga feed), pulled 2026-09-12"
2025-07-21 15:19:25,Morgan Stanley,Underweight,Underweight,main,Raises,130.0,125.0,2025-07-21,"yfinance Ticker('ABNB').upgrades_downgrades (Yahoo Finance / Benzinga feed), pulled 2026-09-12"
2025-07-23 19:03:59,Cantor Fitzgerald,Underweight,Underweight,main,Raises,130.0,100.0,2025-07-23,"yfinance Ticker('ABNB').upgrades_downgrades (Yahoo Finance / Benzinga feed), pulled 2026-09-12"
2025-07-28 22:05:22,UBS,Neutral,Neutral,main,Raises,156.0,137.0,2025-07-28,"yfinance Ticker('ABNB').upgrades_downgrades (Yahoo Finance / Benzinga feed), pulled 2026-09-12"
2025-07-29 16:08:02,Deutsche Bank,Hold,Hold,main,Raises,125.0,112.0,2025-07-29,"yfinance Ticker('ABNB').upgrades_downgrades (Yahoo Finance / Benzinga feed), pulled 2026-09-12"
2025-08-04 18:50:22,TD Cowen,Buy,Buy,main,Raises,145.0,130.0,2025-08-04,"yfinance Ticker('ABNB').upgrades_downgrades (Yahoo Finance / Benzinga feed), pulled 2026-09-12"
2025-08-07 12:17:33,BMO Capital,Market Perform,Market Perform,main,Raises,124.0,121.0,2025-08-07,"yfinance Ticker('ABNB').upgrades_downgrades (Yahoo Finance / Benzinga feed), pulled 2026-09-12"
2025-08-07 12:48:47,Wedbush,Neutral,Neutral,main,Lowers,130.0,135.0,2025-08-07,"yfinance Ticker('ABNB').upgrades_downgrades (Yahoo Finance / Benzinga feed), pulled 2026-09-12"
2025-08-07 13:03:03,Barclays,Underweight,Underweight,main,Raises,105.0,104.0,2025-08-07,"yfinance Ticker('ABNB').upgrades_downgrades (Yahoo Finance / Benzinga feed), pulled 2026-09-12"
2025-08-07 14:32:24,RBC Capital,Sector Perform,Sector Perform,main,Raises,145.0,140.0,2025-08-07,"yfinance Ticker('ABNB').upgrades_downgrades (Yahoo Finance / Benzinga feed), pulled 2026-09-12"
2025-08-07 15:06:58,Wells Fargo,Underweight,Underweight,main,Lowers,110.0,111.0,2025-08-07,"yfinance Ticker('ABNB').upgrades_downgrades (Yahoo Finance / Benzinga feed), pulled 2026-09-12"
2025-08-07 15:41:53,Morgan Stanley,Underweight,Underweight,main,Lowers,120.0,130.0,2025-08-07,"yfinance Ticker('ABNB').upgrades_downgrades (Yahoo Finance / Benzinga feed), pulled 2026-09-12"
2025-08-07 17:12:05,UBS,Neutral,Neutral,main,Lowers,148.0,156.0,2025-08-07,"yfinance Ticker('ABNB').upgrades_downgrades (Yahoo Finance / Benzinga feed), pulled 2026-09-12"
2025-08-07 18:37:00,TD Cowen,Buy,Buy,main,Raises,150.0,145.0,2025-08-07,"yfinance Ticker('ABNB').upgrades_downgrades (Yahoo Finance / Benzinga feed), pulled 2026-09-12"
2025-08-07 19:02:04,JP Morgan,Neutral,Neutral,main,Raises,130.0,120.0,2025-08-07,"yfinance Ticker('ABNB').upgrades_downgrades (Yahoo Finance / Benzinga feed), pulled 2026-09-12"
2025-08-07 19:29:02,Deutsche Bank,Hold,Hold,main,Raises,135.0,125.0,2025-08-07,"yfinance Ticker('ABNB').upgrades_downgrades (Yahoo Finance / Benzinga feed), pulled 2026-09-12"
2025-08-11 09:45:44,Jefferies,Buy,Buy,main,Lowers,160.0,165.0,2025-08-11,"yfinance Ticker('ABNB').upgrades_downgrades (Yahoo Finance / Benzinga feed), pulled 2026-09-12"
2025-08-11 17:48:03,JMP Securities,Market Perform,Market Perform,main,Raises,190.0,180.0,2025-08-11,"yfinance Ticker('ABNB').upgrades_downgrades (Yahoo Finance / Benzinga feed), pulled 2026-09-12"
2025-09-03 12:30:44,Truist Securities,Sell,Sell,main,Lowers,104.0,106.0,2025-09-03,"yfinance Ticker('ABNB').upgrades_downgrades (Yahoo Finance / Benzinga feed), pulled 2026-09-12"
2025-09-30 15:56:21,Mizuho,Outperform,,init,Announces,151.0,0.0,2025-09-30,"yfinance Ticker('ABNB').upgrades_downgrades (Yahoo Finance / Benzinga feed), pulled 2026-09-12"
2025-10-07 10:11:11,BTIG,Neutral,Neutral,reit,,0.0,0.0,2025-10-07,"yfinance Ticker('ABNB').upgrades_downgrades (Yahoo Finance / Benzinga feed), pulled 2026-09-12"
2025-10-23 09:52:00,Keybanc,Sector Weight,Sector Weight,main,,0.0,0.0,2025-10-23,"yfinance Ticker('ABNB').upgrades_downgrades (Yahoo Finance / Benzinga feed), pulled 2026-09-12"
2025-10-24 15:06:22,UBS,Neutral,Neutral,main,Lowers,145.0,148.0,2025-10-24,"yfinance Ticker('ABNB').upgrades_downgrades (Yahoo Finance / Benzinga feed), pulled 2026-09-12"
2025-11-07 09:25:49,BTIG,Neutral,Neutral,reit,,0.0,0.0,2025-11-07,"yfinance Ticker('ABNB').upgrades_downgrades (Yahoo Finance / Benzinga feed), pulled 2026-09-12"
2025-11-07 15:02:27,Barclays,Underweight,Underweight,main,Raises,107.0,105.0,2025-11-07,"yfinance Ticker('ABNB').upgrades_downgrades (Yahoo Finance / Benzinga feed), pulled 2026-09-12"
2025-11-07 15:11:09,Wedbush,Neutral,Neutral,reit,Maintains,130.0,130.0,2025-11-07,"yfinance Ticker('ABNB').upgrades_downgrades (Yahoo Finance / Benzinga feed), pulled 2026-09-12"
2025-11-07 16:15:57,UBS,Neutral,Neutral,main,Raises,147.0,145.0,2025-11-07,"yfinance Ticker('ABNB').upgrades_downgrades (Yahoo Finance / Benzinga feed), pulled 2026-09-12"
2025-11-07 19:12:05,Wells Fargo,Underweight,Underweight,main,Raises,111.0,110.0,2025-11-07,"yfinance Ticker('ABNB').upgrades_downgrades (Yahoo Finance / Benzinga feed), pulled 2026-09-12"
2025-12-01 15:13:10,Wells Fargo,Underweight,Underweight,main,Raises,118.0,111.0,2025-12-01,"yfinance Ticker('ABNB').upgrades_downgrades (Yahoo Finance / Benzinga feed), pulled 2026-09-12"
2025-12-04 16:03:35,Truist Securities,Sell,Sell,main,Raises,107.0,104.0,2025-12-04,"yfinance Ticker('ABNB').upgrades_downgrades (Yahoo Finance / Benzinga feed), pulled 2026-09-12"
2025-12-05 19:01:39,DA Davidson,Buy,Buy,main,Maintains,155.0,155.0,2025-12-05,"yfinance Ticker('ABNB').upgrades_downgrades (Yahoo Finance / Benzinga feed), pulled 2026-09-12"
2025-12-05 20:12:23,Jefferies,Buy,Buy,main,Raises,165.0,160.0,2025-12-05,"yfinance Ticker('ABNB').upgrades_downgrades (Yahoo Finance / Benzinga feed), pulled 2026-09-12"
2025-12-17 13:07:01,RBC Capital,Outperform,Sector Perform,up,Raises,170.0,145.0,2025-12-17,"yfinance Ticker('ABNB').upgrades_downgrades (Yahoo Finance / Benzinga feed), pulled 2026-09-12"
2025-12-19 16:07:08,Wedbush,Neutral,Neutral,main,Raises,135.0,130.0,2025-12-19,"yfinance Ticker('ABNB').upgrades_downgrades (Yahoo Finance / Benzinga feed), pulled 2026-09-12"
2026-01-06 13:49:23,Bernstein,Outperform,Outperform,main,Lowers,162.0,165.0,2026-01-06,"yfinance Ticker('ABNB').upgrades_downgrades (Yahoo Finance / Benzinga feed), pulled 2026-09-12"
2026-01-08 10:45:44,Cantor Fitzgerald,Neutral,Underweight,up,Raises,141.0,117.0,2026-01-08,"yfinance Ticker('ABNB').upgrades_downgrades (Yahoo Finance / Benzinga feed), pulled 2026-09-12"
2026-01-09 12:45:09,Barclays,Equal-Weight,Underweight,up,Raises,120.0,107.0,2026-01-09,"yfinance Ticker('ABNB').upgrades_downgrades (Yahoo Finance / Benzinga feed), pulled 2026-09-12"
2026-01-09 13:48:31,Wells Fargo,Equal-Weight,Underweight,up,Raises,128.0,118.0,2026-01-09,"yfinance Ticker('ABNB').upgrades_downgrades (Yahoo Finance / Benzinga feed), pulled 2026-09-12"
2026-01-12 13:21:02,B. Riley Securities,Buy,Neutral,up,Raises,170.0,140.0,2026-01-12,"yfinance Ticker('ABNB').upgrades_downgrades (Yahoo Finance / Benzinga feed), pulled 2026-09-12"
2026-01-13 15:54:26,Morgan Stanley,Underweight,Underweight,main,Raises,130.0,120.0,2026-01-13,"yfinance Ticker('ABNB').upgrades_downgrades (Yahoo Finance / Benzinga feed), pulled 2026-09-12"
2026-02-03 14:01:37,UBS,Neutral,Neutral,main,Raises,149.0,147.0,2026-02-03,"yfinance Ticker('ABNB').upgrades_downgrades (Yahoo Finance / Benzinga feed), pulled 2026-09-12"
2026-02-04 15:04:06,Citizens,Market Outperform,Market Perform,up,Announces,160.0,0.0,2026-02-04,"yfinance Ticker('ABNB').upgrades_downgrades (Yahoo Finance / Benzinga feed), pulled 2026-09-12"
2026-02-06 14:08:00,Wedbush,Neutral,Neutral,main,Lowers,130.0,135.0,2026-02-06,"yfinance Ticker('ABNB').upgrades_downgrades (Yahoo Finance / Benzinga feed), pulled 2026-09-12"
2026-02-13 12:27:11,Deutsche Bank,Buy,Hold,up,Announces,154.0,0.0,2026-02-13,"yfinance Ticker('ABNB').upgrades_downgrades (Yahoo Finance / Benzinga feed), pulled 2026-09-12"
2026-02-13 12:55:04,BMO Capital,Market Perform,Market Perform,main,Raises,140.0,130.0,2026-02-13,"yfinance Ticker('ABNB').upgrades_downgrades (Yahoo Finance / Benzinga feed), pulled 2026-09-12"
2026-02-13 14:05:30,Benchmark,Buy,Buy,main,Lowers,145.0,155.0,2026-02-13,"yfinance Ticker('ABNB').upgrades_downgrades (Yahoo Finance / Benzinga feed), pulled 2026-09-12"
2026-02-13 14:52:06,Wells Fargo,Equal-Weight,Equal-Weight,main,Raises,133.0,128.0,2026-02-13,"yfinance Ticker('ABNB').upgrades_downgrades (Yahoo Finance / Benzinga feed), pulled 2026-09-12"
2026-02-13 15:05:41,Wedbush,Neutral,Neutral,reit,Maintains,130.0,130.0,2026-02-13,"yfinance Ticker('ABNB').upgrades_downgrades (Yahoo Finance / Benzinga feed), pulled 2026-09-12"
2026-02-13 15:17:48,Barclays,Equal-Weight,Equal-Weight,main,Raises,122.0,120.0,2026-02-13,"yfinance Ticker('ABNB').upgrades_downgrades (Yahoo Finance / Benzinga feed), pulled 2026-09-12"
2026-02-13 15:30:52,TD Cowen,Buy,Buy,main,Raises,160.0,150.0,2026-02-13,"yfinance Ticker('ABNB').upgrades_downgrades (Yahoo Finance / Benzinga feed), pulled 2026-09-12"
2026-02-13 15:40:31,Evercore ISI Group,Outperform,In-Line,up,Maintains,145.0,145.0,2026-02-13,"yfinance Ticker('ABNB').upgrades_downgrades (Yahoo Finance / Benzinga feed), pulled 2026-09-12"
2026-02-17 17:49:10,DA Davidson,Buy,Buy,main,Lowers,150.0,155.0,2026-02-17,"yfinance Ticker('ABNB').upgrades_downgrades (Yahoo Finance / Benzinga feed), pulled 2026-09-12"
2026-03-03 12:41:52,Mizuho,Outperform,Outperform,main,Raises,175.0,156.0,2026-03-03,"yfinance Ticker('ABNB').upgrades_downgrades (Yahoo Finance / Benzinga feed), pulled 2026-09-12"
2026-03-26 12:22:43,Truist Securities,Hold,Sell,up,Raises,129.0,107.0,2026-03-26,"yfinance Ticker('ABNB').upgrades_downgrades (Yahoo Finance / Benzinga feed), pulled 2026-09-12"
2026-04-01 16:26:32,Wells Fargo,Equal-Weight,Equal-Weight,main,Raises,136.0,133.0,2026-04-01,"yfinance Ticker('ABNB').upgrades_downgrades (Yahoo Finance / Benzinga feed), pulled 2026-09-12"
2026-04-08 19:08:31,Tigress Financial,Buy,Buy,main,Lowers,185.0,200.0,2026-04-08,"yfinance Ticker('ABNB').upgrades_downgrades (Yahoo Finance / Benzinga feed), pulled 2026-09-12"
2026-04-22 10:02:49,Wells Fargo,Overweight,Equal-Weight,up,Raises,178.0,136.0,2026-04-22,"yfinance Ticker('ABNB').upgrades_downgrades (Yahoo Finance / Benzinga feed), pulled 2026-09-12"
2026-04-27 19:11:56,UBS,Neutral,Neutral,main,Raises,153.0,149.0,2026-04-27,"yfinance Ticker('ABNB').upgrades_downgrades (Yahoo Finance / Benzinga feed), pulled 2026-09-12"
2026-05-04 10:55:49,Oppenheimer,Outperform,Perform,up,Announces,180.0,0.0,2026-05-04,"yfinance Ticker('ABNB').upgrades_downgrades (Yahoo Finance / Benzinga feed), pulled 2026-09-12"
2026-05-08 12:27:50,Susquehanna,Positive,Positive,main,Raises,170.0,150.0,2026-05-08,"yfinance Ticker('ABNB').upgrades_downgrades (Yahoo Finance / Benzinga feed), pulled 2026-09-12"
2026-05-08 13:35:00,Evercore ISI Group,Outperform,Outperform,main,Raises,155.0,145.0,2026-05-08,"yfinance Ticker('ABNB').upgrades_downgrades (Yahoo Finance / Benzinga feed), pulled 2026-09-12"
2026-05-08 14:12:20,Citizens,Market Outperform,Market Outperform,main,Raises,170.0,160.0,2026-05-08,"yfinance Ticker('ABNB').upgrades_downgrades (Yahoo Finance / Benzinga feed), pulled 2026-09-12"
2026-05-08 14:15:39,Wells Fargo,Overweight,Overweight,main,Raises,181.0,178.0,2026-05-08,"yfinance Ticker('ABNB').upgrades_downgrades (Yahoo Finance / Benzinga feed), pulled 2026-09-12"
2026-05-08 16:26:00,RBC Capital,Outperform,Outperform,main,Raises,173.0,170.0,2026-05-08,"yfinance Ticker('ABNB').upgrades_downgrades (Yahoo Finance / Benzinga feed), pulled 2026-09-12"
2026-05-08 17:14:43,JP Morgan,Neutral,Neutral,main,Raises,140.0,130.0,2026-05-08,"yfinance Ticker('ABNB').upgrades_downgrades (Yahoo Finance / Benzinga feed), pulled 2026-09-12"
2026-05-08 19:46:54,Citigroup,Buy,Buy,main,Raises,175.0,155.0,2026-05-08,"yfinance Ticker('ABNB').upgrades_downgrades (Yahoo Finance / Benzinga feed), pulled 2026-09-12"
2026-05-08 20:02:19,Benchmark,Buy,Buy,main,Raises,160.0,145.0,2026-05-08,"yfinance Ticker('ABNB').upgrades_downgrades (Yahoo Finance / Benzinga feed), pulled 2026-09-12"
2026-05-08 21:13:04,UBS,Neutral,Neutral,main,Raises,157.0,153.0,2026-05-08,"yfinance Ticker('ABNB').upgrades_downgrades (Yahoo Finance / Benzinga feed), pulled 2026-09-12"
2026-05-11 13:13:08,Barclays,Equal-Weight,Equal-Weight,main,Raises,125.0,122.0,2026-05-11,"yfinance Ticker('ABNB').upgrades_downgrades (Yahoo Finance / Benzinga feed), pulled 2026-09-12"
2026-05-11 17:25:10,DA Davidson,Buy,Buy,main,Raises,162.0,150.0,2026-05-11,"yfinance Ticker('ABNB').upgrades_downgrades (Yahoo Finance / Benzinga feed), pulled 2026-09-12"
2026-05-21 15:34:21,RBC Capital,Outperform,Outperform,reit,Maintains,173.0,173.0,2026-05-21,"yfinance Ticker('ABNB').upgrades_downgrades (Yahoo Finance / Benzinga feed), pulled 2026-09-12"
2026-06-05 15:50:07,CICC,Outperform,,init,Announces,165.0,0.0,2026-06-05,"yfinance Ticker('ABNB').upgrades_downgrades (Yahoo Finance / Benzinga feed), pulled 2026-09-12"
2026-06-12 13:56:22,Truist Securities,Hold,Hold,main,Raises,134.0,129.0,2026-06-12,"yfinance Ticker('ABNB').upgrades_downgrades (Yahoo Finance / Benzinga feed), pulled 2026-09-12"
2026-06-12 14:03:14,Truist Securities,Hold,Hold,main,Raises,134.0,129.0,2026-06-12,"yfinance Ticker('ABNB').upgrades_downgrades (Yahoo Finance / Benzinga feed), pulled 2026-09-12"
2026-06-29 10:38:37,Baird,Outperform,Outperform,main,Raises,160.0,150.0,2026-06-29,"yfinance Ticker('ABNB').upgrades_downgrades (Yahoo Finance / Benzinga feed), pulled 2026-09-12"
2026-07-14 09:58:12,Jefferies,Buy,Buy,main,Raises,175.0,160.0,2026-07-14,"yfinance Ticker('ABNB').upgrades_downgrades (Yahoo Finance / Benzinga feed), pulled 2026-09-12"
2026-07-20 17:27:51,Goldman Sachs,Sell,Sell,main,Lowers,155.0,157.0,2026-07-20,"yfinance Ticker('ABNB').upgrades_downgrades (Yahoo Finance / Benzinga feed), pulled 2026-09-12"
2026-07-30 17:22:19,Morgan Stanley,Underweight,Underweight,main,Raises,125.0,120.0,2026-07-30,"yfinance Ticker('ABNB').upgrades_downgrades (Yahoo Finance / Benzinga feed), pulled 2026-09-12"
2026-07-30 19:33:38,UBS,Neutral,Neutral,main,Raises,163.0,157.0,2026-07-30,"yfinance Ticker('ABNB').upgrades_downgrades (Yahoo Finance / Benzinga feed), pulled 2026-09-12"
2026-08-07 11:47:42,Cantor Fitzgerald,Neutral,Neutral,main,Raises,160.0,140.0,2026-08-07,"yfinance Ticker('ABNB').upgrades_downgrades (Yahoo Finance / Benzinga feed), pulled 2026-09-12"
2026-08-07 12:53:09,Susquehanna,Positive,Positive,main,Raises,200.0,170.0,2026-08-07,"yfinance Ticker('ABNB').upgrades_downgrades (Yahoo Finance / Benzinga feed), pulled 2026-09-12"
2026-08-07 13:49:20,Oppenheimer,Outperform,Outperform,main,Raises,190.0,180.0,2026-08-07,"yfinance Ticker('ABNB').upgrades_downgrades (Yahoo Finance / Benzinga feed), pulled 2026-09-12"
2026-08-07 13:49:30,Wedbush,Outperform,Neutral,up,Raises,200.0,152.0,2026-08-07,"yfinance Ticker('ABNB').upgrades_downgrades (Yahoo Finance / Benzinga feed), pulled 2026-09-12"
2026-08-07 14:21:19,Citizens,Market Outperform,Market Outperform,main,Raises,190.0,170.0,2026-08-07,"yfinance Ticker('ABNB').upgrades_downgrades (Yahoo Finance / Benzinga feed), pulled 2026-09-12"
2026-08-07 14:54:40,Wells Fargo,Overweight,Overweight,main,Raises,186.0,181.0,2026-08-07,"yfinance Ticker('ABNB').upgrades_downgrades (Yahoo Finance / Benzinga feed), pulled 2026-09-12"
2026-08-07 15:37:51,JP Morgan,Neutral,Neutral,main,Raises,170.0,140.0,2026-08-07,"yfinance Ticker('ABNB').upgrades_downgrades (Yahoo Finance / Benzinga feed), pulled 2026-09-12"
2026-08-07 16:52:46,Needham,Hold,Hold,reit,,0.0,0.0,2026-08-07,"yfinance Ticker('ABNB').upgrades_downgrades (Yahoo Finance / Benzinga feed), pulled 2026-09-12"
2026-08-07 16:56:59,Canaccord Genuity,Buy,Buy,main,Raises,200.0,180.0,2026-08-07,"yfinance Ticker('ABNB').upgrades_downgrades (Yahoo Finance / Benzinga feed), pulled 2026-09-12"
2026-08-07 17:09:36,B. Riley Securities,Buy,Buy,main,Raises,210.0,180.0,2026-08-07,"yfinance Ticker('ABNB').upgrades_downgrades (Yahoo Finance / Benzinga feed), pulled 2026-09-12"
2026-08-07 17:17:21,B of A Securities,Neutral,Neutral,main,Raises,175.0,160.0,2026-08-07,"yfinance Ticker('ABNB').upgrades_downgrades (Yahoo Finance / Benzinga feed), pulled 2026-09-12"
2026-08-07 17:21:25,BTIG,Neutral,Neutral,reit,,0.0,0.0,2026-08-07,"yfinance Ticker('ABNB').upgrades_downgrades (Yahoo Finance / Benzinga feed), pulled 2026-09-12"
2026-08-07 17:36:10,Piper Sandler,Neutral,Neutral,main,Raises,170.0,145.0,2026-08-07,"yfinance Ticker('ABNB').upgrades_downgrades (Yahoo Finance / Benzinga feed), pulled 2026-09-12"
2026-08-07 17:52:44,Benchmark,Buy,Buy,main,Raises,180.0,160.0,2026-08-07,"yfinance Ticker('ABNB').upgrades_downgrades (Yahoo Finance / Benzinga feed), pulled 2026-09-12"
2026-08-07 18:26:17,RBC Capital,Outperform,Outperform,main,Raises,195.0,173.0,2026-08-07,"yfinance Ticker('ABNB').upgrades_downgrades (Yahoo Finance / Benzinga feed), pulled 2026-09-12"
2026-08-07 20:02:59,Citigroup,Buy,Buy,main,Raises,193.0,175.0,2026-08-07,"yfinance Ticker('ABNB').upgrades_downgrades (Yahoo Finance / Benzinga feed), pulled 2026-09-12"
2026-08-07 20:14:12,Barclays,Equal-Weight,Equal-Weight,main,Raises,150.0,125.0,2026-08-07,"yfinance Ticker('ABNB').upgrades_downgrades (Yahoo Finance / Benzinga feed), pulled 2026-09-12"
2026-08-07 20:28:49,Baird,Outperform,Outperform,main,Raises,175.0,160.0,2026-08-07,"yfinance Ticker('ABNB').upgrades_downgrades (Yahoo Finance / Benzinga feed), pulled 2026-09-12"
2026-08-07 22:57:35,UBS,Neutral,Neutral,main,Raises,172.0,163.0,2026-08-07,"yfinance Ticker('ABNB').upgrades_downgrades (Yahoo Finance / Benzinga feed), pulled 2026-09-12"
2026-08-08 00:43:30,DA Davidson,Buy,Buy,main,Raises,175.0,162.0,2026-08-08,"yfinance Ticker('ABNB').upgrades_downgrades (Yahoo Finance / Benzinga feed), pulled 2026-09-12"
2026-08-10 12:43:15,BMO Capital,Market Perform,Market Perform,main,Raises,165.0,146.0,2026-08-10,"yfinance Ticker('ABNB').upgrades_downgrades (Yahoo Finance / Benzinga feed), pulled 2026-09-12"
2026-08-24 14:13:24,Evercore ISI Group,Outperform,Outperform,main,Raises,200.0,190.0,2026-08-24,"yfinance Ticker('ABNB').upgrades_downgrades (Yahoo Finance / Benzinga feed), pulled 2026-09-12"
2026-08-24 14:44:48,Bernstein,Outperform,Outperform,main,Raises,217.0,168.0,2026-08-24,"yfinance Ticker('ABNB').upgrades_downgrades (Yahoo Finance / Benzinga feed), pulled 2026-09-12"
2026-08-31 12:27:15,DA Davidson,Buy,Buy,main,Raises,220.0,175.0,2026-08-31,"yfinance Ticker('ABNB').upgrades_downgrades (Yahoo Finance / Benzinga feed), pulled 2026-09-12"
2026-09-01 11:59:55,Rosenblatt,Buy,,init,Announces,220.0,0.0,2026-09-01,"yfinance Ticker('ABNB').upgrades_downgrades (Yahoo Finance / Benzinga feed), pulled 2026-09-12"
2026-09-08 12:00:21,Baird,Outperform,Outperform,main,Raises,200.0,175.0,2026-09-08,"yfinance Ticker('ABNB').upgrades_downgrades (Yahoo Finance / Benzinga feed), pulled 2026-09-12"
2026-09-08 15:44:25,Raymond James,Outperform,Market Perform,up,Announces,200.0,0.0,2026-09-08,"yfinance Ticker('ABNB').upgrades_downgrades (Yahoo Finance / Benzinga feed), pulled 2026-09-12"
2026-09-10 16:05:25,Truist Securities,Hold,Hold,main,Raises,161.0,134.0,2026-09-10,"yfinance Ticker('ABNB').upgrades_downgrades (Yahoo Finance / Benzinga feed), pulled 2026-09-12"
